Time (s)	Servo Angle (degrees)	Lever Angle (degrees)	Disturbance Angle	Reward Delivered (0/1)
31.3	118.9	-0.1	0.0	0
31.4	70.7	-0.1	0.0	0
31.5	48.2	-0.0	0.0	0
31.6	46.6	0.1	0.0	0
31.7	46.6	-0.2	0.0	0
31.7	46.4	-0.1	0.0	0
31.8	46.5	-0.1	0.0	0
31.9	46.8	0.1	0.0	0
32.0	47.0	-0.1	0.0	0
32.1	46.9	-0.1	0.0	0
32.1	46.9	-0.1	0.0	0
32.2	46.9	0.1	0.0	0
32.3	46.7	-0.2	0.0	0
32.4	46.2	-0.1	0.0	0
32.5	47.2	0.0	0.0	0
32.5	46.9	-0.1	0.0	0
32.6	47.0	-0.2	0.0	0
32.7	47.4	-0.0	0.0	0
32.8	47.3	-0.0	0.0	0
32.9	47.0	-0.2	0.0	0
32.9	46.4	-0.2	0.0	0
33.0	47.0	-0.0	0.0	0
33.1	47.0	-0.1	0.0	0
33.2	47.2	-0.1	0.0	0
33.3	46.6	0.0	0.0	0
33.3	46.7	-0.2	0.0	0
33.4	46.8	-0.1	0.0	0
33.5	46.5	0.0	0.0	0
33.6	47.2	-0.0	0.0	0
33.7	47.7	0.0	0.0	0
33.7	46.8	-0.1	0.0	0
33.8	46.6	-0.2	0.0	0
33.9	45.6	-0.3	0.0	0
34.0	46.1	-0.2	0.0	0
34.1	46.1	-0.3	0.0	0
34.1	45.5	-0.2	0.0	0
34.2	45.7	-0.2	0.0	0
34.3	46.1	-0.1	0.0	0
34.4	46.5	-0.3	0.0	0
34.5	46.4	-0.2	0.0	0
34.6	45.9	-0.2	0.0	0
34.6	46.1	-0.1	0.0	0
34.7	45.8	-0.2	0.0	0
34.8	45.8	-0.2	0.0	0
34.9	45.8	-0.2	0.0	0
35.0	46.3	-0.3	0.0	0
35.0	46.1	-0.2	0.0	0
35.1	46.2	-0.2	0.0	0
35.2	46.1	-0.2	0.0	0
35.3	46.3	-0.1	0.0	0
35.4	45.9	-0.0	0.0	0
35.4	46.1	-0.2	0.0	0
35.5	46.0	-0.2	0.0	0
35.6	45.6	-0.3	0.0	0
35.7	46.2	-0.2	0.0	0
35.8	46.4	-0.1	0.0	0
35.9	46.6	-0.3	0.0	0
35.9	45.9	-0.2	0.0	0
36.0	46.4	-0.2	0.0	0
36.1	46.6	-0.0	0.0	0
36.2	48.4	-0.1	0.0	0
36.3	48.0	0.1	0.0	0
36.3	48.4	-0.0	0.0	0
36.4	48.2	0.0	0.0	0
36.5	48.0	0.1	0.0	0
36.6	48.2	0.1	0.0	0
36.7	48.3	0.1	0.0	0
36.7	48.5	0.0	0.0	0
36.8	47.8	-0.0	0.0	0
36.9	47.7	-0.0	0.0	0
37.0	46.6	-0.1	0.0	0
37.1	47.8	-0.0	0.0	0
37.1	47.4	-0.0	0.0	0
37.2	47.5	-0.1	0.0	0
37.3	47.1	-0.1	0.0	0
37.4	47.5	-0.0	0.0	0
37.5	48.0	-0.1	0.0	0
37.6	47.8	-0.1	0.0	0
37.6	47.9	0.1	0.0	0
37.7	47.0	0.0	0.0	0
37.8	47.3	-0.0	0.0	0
37.9	47.2	-0.0	0.0	0
38.0	46.7	-0.1	0.0	0
38.0	46.7	-0.1	0.0	0
38.1	47.0	-0.1	0.0	0
38.2	47.1	0.1	0.0	0
38.3	47.0	-0.1	0.0	0
38.4	47.4	-0.1	0.0	0
38.4	47.3	-0.1	0.0	0
38.5	47.7	-0.1	0.0	0
38.6	47.3	0.0	0.0	0
38.7	47.0	-0.1	0.0	0
38.8	46.7	-0.1	0.0	0
38.9	47.4	-0.1	0.0	0
38.9	48.0	0.0	0.0	0
39.0	47.6	0.1	0.0	0
39.1	48.0	0.0	0.0	0
39.2	47.8	0.0	0.0	0
39.3	47.9	0.1	0.0	0
39.3	48.1	-0.1	0.0	0
39.4	47.9	0.0	0.0	0
39.5	47.8	0.0	0.0	0
39.6	49.1	0.1	0.0	0
39.7	48.8	0.0	0.0	0
39.8	47.7	0.0	0.0	0
39.9	47.6	0.1	0.0	0
39.9	47.1	0.0	0.0	0
40.0	47.0	-0.1	0.0	0
40.1	52.1	4.0	0.0	0
40.2	62.9	10.8	0.0	0
40.3	72.3	14.8	0.0	0
40.3	82.3	19.7	0.0	0
40.4	86.2	20.9	0.0	0
40.5	90.2	22.6	0.0	1
40.6	93.1	24.6	0.0	0
40.7	96.0	25.8	0.0	0
40.7	97.7	26.5	0.0	0
40.8	99.0	27.4	0.0	0
40.9	97.9	25.6	0.0	0
41.0	91.3	2.4	0.0	0
41.0	53.5	-0.1	0.0	0
41.1	47.7	0.1	0.0	0
41.2	47.1	0.0	0.0	0
41.2	47.0	0.1	0.0	0
41.3	46.7	0.1	0.0	0
41.4	46.9	-0.0	0.0	0
41.5	47.4	0.1	0.0	0
41.5	46.9	0.0	0.0	0
41.6	46.8	0.1	0.0	0
41.7	47.5	0.1	0.0	0
41.8	47.4	0.0	0.0	0
41.9	47.3	0.1	0.0	0
41.9	47.2	-0.0	0.0	0
42.0	47.7	0.1	0.0	0
42.1	47.8	0.1	0.0	0
42.2	47.0	0.1	0.0	0
42.3	47.5	0.1	0.0	0
42.3	46.9	0.0	0.0	0
42.4	47.3	0.1	0.0	0
42.5	47.9	0.1	0.0	0
42.6	47.3	0.0	0.0	0
42.7	47.7	0.1	0.0	0
42.7	47.7	0.1	0.0	0
42.8	46.8	0.1	0.0	0
42.9	46.5	0.1	0.0	0
43.0	47.4	0.1	0.0	0
43.1	47.7	0.1	0.0	0
43.2	47.5	0.1	0.0	0
43.2	47.2	-0.0	0.0	0
43.3	47.2	0.1	0.0	0
43.4	47.0	0.2	0.0	0
43.5	47.0	0.1	0.0	0
43.6	47.1	0.2	0.0	0
43.6	47.2	0.1	0.0	0
43.7	47.1	0.1	0.0	0
43.8	46.6	-0.1	0.0	0
43.9	47.2	0.1	0.0	0
44.0	47.4	0.1	0.0	0
44.0	47.1	0.1	0.0	0
44.1	47.1	0.1	0.0	0
44.2	47.5	0.1	0.0	0
44.3	46.6	-0.1	0.0	0
44.4	47.2	0.0	0.0	0
44.5	47.0	0.0	0.0	0
44.5	47.7	-0.0	0.0	0
44.6	47.6	0.1	0.0	0
44.7	47.3	0.1	0.0	0
44.8	47.1	0.1	0.0	0
44.9	47.3	0.0	0.0	0
44.9	47.0	0.0	0.0	0
45.0	47.5	-0.0	0.0	0
45.1	47.5	-0.0	0.0	0
45.2	47.5	0.1	0.0	0
45.3	47.4	0.1	0.0	0
45.3	46.9	0.1	0.0	0
45.4	47.0	0.0	0.0	0
45.5	46.4	0.1	0.0	0
45.6	46.9	-0.0	0.0	0
45.7	47.4	0.4	0.0	0
45.8	47.2	0.2	0.0	0
45.8	47.5	-0.0	0.0	0
45.9	47.3	0.1	0.0	0
46.0	47.1	0.1	0.0	0
46.1	47.1	0.1	0.0	0
46.2	47.1	0.2	0.0	0
46.2	47.1	0.0	0.0	0
46.3	46.8	0.1	0.0	0
46.4	46.6	0.1	0.0	0
46.5	47.2	0.0	0.0	0
46.6	47.7	0.0	0.0	0
46.6	47.4	0.2	0.0	0
46.7	46.9	0.1	0.0	0
46.8	46.8	0.2	0.0	0
46.9	46.6	0.1	0.0	0
47.0	46.7	0.0	0.0	0
47.1	47.1	0.1	0.0	0
47.1	46.9	0.1	0.0	0
47.2	47.8	0.1	0.0	0
47.3	47.5	0.1	0.0	0
47.4	46.9	0.1	0.0	0
47.5	46.9	0.0	0.0	0
47.5	47.3	-0.0	0.0	0
47.6	46.8	0.1	0.0	0
47.7	46.7	0.1	0.0	0
47.8	47.3	0.0	0.0	0
47.9	47.7	-0.0	0.0	0
47.9	47.8	0.0	0.0	0
48.0	46.6	0.0	0.0	0
48.1	47.1	0.1	0.0	0
48.2	47.6	0.1	0.0	0
48.3	48.0	0.2	0.0	0
48.4	48.3	0.1	0.0	0
48.4	47.8	0.1	0.0	0
48.5	48.4	0.3	0.0	0
48.6	48.3	0.2	0.0	0
48.7	47.5	0.1	0.0	0
48.8	47.5	0.0	0.0	0
48.8	46.8	0.1	0.0	0
48.9	47.1	-0.1	0.0	0
49.0	47.6	-0.0	0.0	0
49.1	47.1	0.0	0.0	0
49.2	47.6	-0.0	0.0	0
49.2	47.2	-0.0	0.0	0
49.3	47.8	0.1	0.0	0
49.4	47.2	0.0	0.0	0
49.5	47.1	0.0	0.0	0
49.6	46.5	0.1	0.0	0
49.7	47.7	-0.0	0.0	0
49.7	47.6	0.1	0.0	0
49.8	47.1	0.0	0.0	0
49.9	47.0	0.1	0.0	0
50.0	47.1	0.1	0.0	0
50.1	47.0	0.0	0.0	0
50.1	47.1	0.1	0.0	0
50.2	46.9	0.1	0.0	0
50.3	47.2	0.1	0.0	0
50.4	47.3	0.0	0.0	0
50.5	47.4	-0.1	0.0	0
50.5	47.1	0.0	0.0	0
50.6	47.3	-0.0	0.0	0
50.7	47.0	0.1	0.0	0
50.8	46.7	0.1	0.0	0
50.9	46.3	0.1	0.0	0
51.0	46.5	-0.0	0.0	0
51.0	47.1	0.0	0.0	0
51.1	47.1	0.0	0.0	0
51.2	47.8	0.0	0.0	0
51.3	47.0	0.0	0.0	0
51.4	47.1	-0.0	0.0	0
51.4	47.1	0.0	0.0	0
51.5	47.0	0.1	0.0	0
51.6	47.1	0.0	0.0	0
51.7	47.2	0.0	0.0	0
51.8	47.4	-0.1	0.0	0
51.8	47.7	0.0	0.0	0
51.9	46.5	-0.1	0.0	0
52.0	46.5	-0.1	0.0	0
52.1	47.0	0.0	0.0	0
52.2	46.8	0.0	0.0	0
52.3	47.2	0.1	0.0	0
52.3	46.7	-0.0	0.0	0
52.4	46.6	-0.1	0.0	0
52.5	47.7	-0.0	0.0	0
52.6	47.4	0.0	0.0	0
52.7	46.2	-0.1	0.0	0
52.7	47.3	-0.0	0.0	0
52.8	47.0	-0.0	0.0	0
52.9	46.4	0.0	0.0	0
53.0	47.0	0.0	0.0	0
53.1	47.0	-0.0	0.0	0
53.2	47.4	0.0	0.0	0
53.2	47.3	0.0	0.0	0
53.3	46.7	-0.0	0.0	0
53.4	47.6	-0.0	0.0	0
53.5	47.8	0.0	0.0	0
53.6	46.6	0.1	0.0	0
53.6	47.1	0.0	0.0	0
53.7	47.1	0.1	0.0	0
53.8	46.6	-0.1	0.0	0
53.9	47.2	0.0	0.0	0
54.0	47.0	0.1	0.0	0
54.0	47.4	-0.1	0.0	0
54.1	47.6	0.0	0.0	0
54.2	47.2	-0.0	0.0	0
54.3	47.1	0.1	0.0	0
54.4	47.4	0.1	0.0	0
54.5	46.8	0.0	0.0	0
54.5	47.0	-0.0	0.0	0
54.6	47.0	-0.0	0.0	0
54.7	46.0	-0.1	0.0	0
54.8	47.1	0.1	0.0	0
54.9	47.6	-0.0	0.0	0
54.9	47.0	0.1	0.0	0
55.0	47.0	0.1	0.0	0
55.1	46.6	0.0	0.0	0
55.2	47.0	-0.0	0.0	0
55.3	47.0	-0.0	0.0	0
55.3	47.1	-0.1	0.0	0
55.4	46.7	0.0	0.0	0
55.5	47.3	-0.1	0.0	0
55.6	47.7	0.0	0.0	0
55.7	47.4	0.0	0.0	0
55.8	47.4	0.1	0.0	0
55.8	47.1	0.1	0.0	0
55.9	46.8	0.0	0.0	0
56.0	47.2	-0.1	0.0	0
56.1	47.1	0.0	0.0	0
56.2	47.5	-0.0	0.0	0
56.2	47.8	0.1	0.0	0
56.3	47.4	0.1	0.0	0
56.4	47.1	0.0	0.0	0
56.5	47.1	0.1	0.0	0
56.6	47.5	-0.0	0.0	0
56.7	46.9	0.1	0.0	0
56.7	46.8	0.0	0.0	0
56.8	46.9	-0.1	0.0	0
56.9	47.7	-0.1	0.0	0
57.0	47.2	0.0	0.0	0
57.1	47.2	0.0	0.0	0
57.1	47.3	0.0	0.0	0
57.2	47.2	0.0	0.0	0
57.3	47.7	0.3	0.0	0
57.4	47.6	0.0	0.0	0
57.5	47.2	0.0	0.0	0
57.5	47.1	-0.0	0.0	0
57.6	47.5	0.0	0.0	0
57.7	46.9	-0.0	0.0	0
57.8	47.5	0.0	0.0	0
57.9	47.5	0.0	0.0	0
58.0	47.0	-0.0	0.0	0
58.0	46.8	0.1	0.0	0
58.1	47.4	0.1	0.0	0
58.2	46.6	-0.0	0.0	0
58.3	47.7	-0.0	0.0	0
58.4	47.1	-0.0	0.0	0
58.4	47.6	0.0	0.0	0
58.5	47.5	0.1	0.0	0
58.6	47.4	0.1	0.0	0
58.7	48.5	1.4	0.0	0
58.8	53.6	4.6	0.0	0
58.9	59.5	7.6	0.0	0
58.9	58.6	5.3	0.0	0
59.0	52.5	0.9	0.0	0
59.1	48.4	0.2	0.0	0
59.2	47.2	0.2	0.0	0
59.3	47.1	0.2	0.0	0
59.3	47.9	0.2	0.0	0
59.4	47.9	0.2	0.0	0
59.5	47.9	0.3	0.0	0
59.6	47.0	0.2	0.0	0
59.7	47.0	0.1	0.0	0
59.7	46.4	0.2	0.0	0
59.8	47.4	0.3	0.0	0
59.9	47.9	0.2	0.0	0
60.0	48.0	0.3	0.0	0
60.1	48.0	0.4	0.0	0
60.2	48.1	0.3	0.0	0
60.2	47.6	0.3	0.0	0
60.3	47.7	0.1	0.0	0
60.4	47.5	0.3	0.0	0
60.5	49.0	2.0	0.0	0
60.6	53.5	3.8	0.0	0
60.6	61.4	10.1	0.0	0
60.7	69.3	12.8	0.0	0
60.8	70.0	11.0	0.0	0
60.9	67.7	10.5	0.0	0
61.0	61.9	6.6	0.0	0
61.1	55.0	2.5	0.0	0
61.1	48.8	0.5	0.0	0
61.2	48.0	0.3	0.0	0
61.3	59.0	16.6	0.0	0
61.4	81.2	20.3	0.0	0
61.5	83.4	18.4	0.0	0
61.5	75.1	12.2	0.0	0
61.6	74.5	14.5	0.0	0
61.7	83.3	20.5	0.0	0
61.8	81.5	16.1	0.0	0
61.9	77.9	15.7	0.0	0
62.0	75.8	14.5	0.0	0
62.0	71.7	11.9	0.0	0
62.1	76.3	15.9	0.0	0
62.2	76.5	15.4	0.0	0
62.3	77.2	15.8	0.0	0
62.4	78.5	16.4	0.0	0
62.4	83.3	20.3	0.0	0
62.5	84.8	19.2	0.0	0
62.6	84.9	19.5	0.0	0
62.7	83.6	18.7	0.0	0
62.8	85.0	21.0	0.0	0
62.8	85.5	19.6	0.0	1
62.9	84.6	19.5	0.0	0
63.0	83.8	18.3	0.0	0
63.1	85.2	20.9	0.0	0
63.2	85.4	19.3	0.0	0
63.2	84.2	19.0	0.0	0
63.3	86.7	21.2	0.0	0
63.4	87.1	20.4	0.0	0
63.4	86.2	20.0	0.0	0
63.5	87.5	21.9	0.0	0
63.6	89.1	21.1	0.0	0
63.7	87.7	20.9	0.0	0
63.7	92.8	26.9	0.0	0
63.8	101.1	30.6	0.0	0
63.9	104.9	30.2	0.0	0
64.0	106.4	31.0	0.0	0
64.0	106.5	30.4	0.0	0
64.1	111.2	34.6	0.0	0
64.2	113.3	34.0	0.0	0
64.3	117.5	37.8	0.0	0
64.4	124.4	41.3	0.0	0
64.4	122.7	37.1	0.0	0
64.5	116.2	34.7	0.0	0
64.6	107.7	28.5	0.0	0
64.7	102.8	28.6	0.0	0
64.8	81.8	12.0	0.0	0
64.9	54.3	0.1	0.0	0
64.9	48.3	0.3	0.0	0
65.0	47.9	0.4	0.0	0
65.1	47.2	0.1	0.0	0
65.2	47.0	0.1	0.0	0
65.3	47.6	0.3	0.0	0
65.3	48.1	0.3	0.0	0
65.4	46.6	-0.2	0.0	0
65.5	47.0	0.2	0.0	0
65.6	47.6	0.2	0.0	0
65.7	47.7	0.3	0.0	0
65.8	48.1	0.5	0.0	0
65.8	49.5	1.8	0.0	0
65.9	53.6	4.8	0.0	0
66.0	56.0	4.8	0.0	0
66.1	52.2	1.5	0.0	0
66.2	48.7	0.3	0.0	0
66.2	49.4	1.2	0.0	0
66.3	49.0	0.3	0.0	0
66.4	59.5	11.0	0.0	0
66.5	60.0	5.4	0.0	0
66.6	60.2	7.3	0.0	0
66.7	82.0	25.7	0.0	0
66.7	96.2	25.5	0.0	1
66.8	84.0	13.1	0.0	0
66.9	65.0	-0.1	0.0	0
67.0	49.8	0.4	0.0	0
67.0	47.9	0.4	0.0	0
67.1	45.9	-0.9	0.0	0
67.2	46.0	0.2	0.0	0
67.3	47.2	0.2	0.0	0
67.3	46.8	-0.1	0.0	0
67.4	45.6	-0.7	0.0	0
67.5	46.6	0.2	0.0	0
67.5	47.9	0.2	0.0	0
67.6	47.2	0.3	0.0	0
67.7	47.8	0.2	0.0	0
67.8	47.7	0.2	0.0	0
67.8	47.7	0.3	0.0	0
67.9	48.0	0.3	0.0	0
68.0	47.4	0.2	0.0	0
68.1	47.5	0.3	0.0	0
68.2	47.6	0.3	0.0	0
68.3	47.7	0.2	0.0	0
68.3	47.4	0.2	0.0	0
68.4	47.4	0.2	0.0	0
68.5	46.7	0.2	0.0	0
68.6	46.9	0.2	0.0	0
68.7	47.7	0.3	0.0	0
68.7	47.6	0.3	0.0	0
68.8	47.1	0.3	0.0	0
68.9	47.8	0.3	0.0	0
69.0	46.7	0.2	0.0	0
69.1	47.5	0.2	0.0	0
69.1	47.6	0.2	0.0	0
69.2	47.5	0.2	0.0	0
69.3	46.8	0.2	0.0	0
69.4	47.4	0.2	0.0	0
69.5	47.2	0.3	0.0	0
69.5	47.4	0.2	0.0	0
69.6	47.6	0.4	0.0	0
69.7	46.8	0.2	0.0	0
69.8	47.5	0.2	0.0	0
69.9	47.0	0.2	0.0	0
70.0	47.8	0.3	0.0	0
70.0	47.4	0.2	0.0	0
70.1	47.2	0.2	0.0	0
70.2	47.2	0.2	0.0	0
70.3	47.3	-0.0	0.0	0
70.4	46.7	-0.0	0.0	0
70.4	47.8	0.6	0.0	0
70.5	50.7	2.7	0.0	0
70.6	48.5	0.3	0.0	0
70.7	47.8	0.2	0.0	0
70.8	47.7	0.3	0.0	0
70.8	48.3	0.3	0.0	0
70.9	48.1	0.3	0.0	0
71.0	47.9	0.3	0.0	0
71.1	48.0	0.4	0.0	0
71.2	47.5	0.3	0.0	0
71.2	47.2	0.2	0.0	0
71.3	46.9	0.2	0.0	0
71.4	47.5	0.2	0.0	0
71.5	47.8	0.2	0.0	0
71.6	47.8	0.3	0.0	0
71.7	47.5	0.3	0.0	0
71.7	47.8	0.4	0.0	0
71.8	47.6	0.3	0.0	0
71.9	48.0	0.3	0.0	0
72.0	47.4	0.2	0.0	0
72.1	47.5	0.2	0.0	0
72.1	48.0	0.3	0.0	0
72.2	47.9	0.3	0.0	0
72.3	48.4	0.3	0.0	0
72.4	47.4	0.3	0.0	0
72.5	47.9	0.3	0.0	0
72.5	49.5	0.9	0.0	0
72.6	53.1	4.7	0.0	0
72.7	55.9	4.9	0.0	0
72.8	49.4	-1.0	0.0	0
72.9	52.3	4.5	0.0	0
72.9	60.0	8.2	0.0	0
73.0	64.1	9.3	0.0	0
73.1	64.9	9.3	0.0	0
73.2	69.9	13.5	0.0	0
73.3	74.9	14.9	0.0	0
73.4	82.1	20.2	0.0	0
73.4	97.1	29.9	0.0	0
73.5	108.9	34.1	0.0	0
73.6	113.6	35.0	0.0	0
73.7	118.6	38.0	0.0	0
73.8	118.3	36.0	0.0	0
73.8	102.2	18.1	0.0	0
73.9	87.9	21.7	0.0	1
74.0	83.5	17.7	0.0	0
74.1	83.5	19.0	0.0	0
74.1	89.2	25.5	0.0	0
74.2	89.9	21.2	0.0	0
74.3	86.4	19.6	0.0	0
74.4	84.3	18.4	0.0	0
74.4	80.8	17.1	0.0	0
74.5	79.0	16.3	0.0	0
74.6	80.5	18.8	0.0	0
74.7	83.7	19.5	0.0	0
74.7	85.0	20.0	0.0	0
74.8	89.2	23.7	0.0	0
74.9	92.1	23.4	0.0	0
74.9	92.9	24.1	0.0	1
75.0	93.9	25.0	0.0	0
75.1	94.2	23.8	0.0	0
75.2	94.9	25.7	0.0	0
75.2	98.3	27.5	0.0	0
75.3	99.0	26.8	0.0	0
75.4	98.5	26.8	0.0	0
75.5	98.8	26.7	0.0	0
75.5	100.3	28.3	0.0	0
75.6	101.6	28.3	0.0	0
75.7	101.2	28.2	0.0	0
75.7	101.4	27.7	0.0	0
75.8	100.7	27.8	0.0	0
75.9	101.3	28.4	0.0	0
76.0	101.0	27.9	0.0	0
76.0	101.5	28.4	0.0	0
76.1	103.2	29.1	0.0	0
76.2	101.7	27.1	0.0	0
76.3	101.4	28.7	0.0	0
76.4	103.5	29.7	0.0	0
76.4	106.0	30.8	0.0	0
76.5	106.8	31.0	0.0	0
76.6	104.4	28.9	0.0	0
76.7	106.1	31.8	0.0	0
76.8	106.5	29.9	0.0	0
76.9	108.0	32.3	0.0	0
76.9	109.1	31.9	0.0	0
77.0	106.4	30.0	0.0	0
77.1	107.0	31.6	0.0	0
77.2	106.8	30.7	0.0	0
77.3	108.8	32.8	0.0	0
77.3	109.2	31.8	0.0	0
77.4	105.7	29.4	0.0	0
77.5	106.5	31.1	0.0	0
77.6	105.1	29.8	0.0	0
77.7	102.3	28.0	0.0	0
77.7	101.3	28.0	0.0	0
77.8	100.7	27.2	0.0	0
77.9	99.9	27.8	0.0	0
78.0	99.2	26.6	0.0	0
78.1	104.8	32.2	0.0	0
78.1	112.2	35.0	0.0	0
78.2	93.0	18.3	0.0	0
78.3	74.9	11.6	0.0	1
78.4	64.8	6.3	0.0	0
78.5	55.1	-0.3	0.0	0
78.5	47.7	-0.6	0.0	0
78.6	47.2	0.2	0.0	0
78.7	52.4	7.0	0.0	0
78.8	72.2	17.8	0.0	0
78.8	92.0	29.7	0.0	0
78.9	104.5	32.2	0.0	0
79.0	108.2	31.7	0.0	0
79.0	105.5	28.7	0.0	0
79.1	104.6	31.4	0.0	0
79.2	100.3	25.8	0.0	0
79.3	98.2	25.6	0.0	0
79.3	91.6	19.5	0.0	0
79.4	82.1	16.5	0.0	1
79.5	74.2	11.6	0.0	0
79.6	68.9	10.7	0.0	0
79.6	66.9	10.0	0.0	0
79.7	67.2	11.0	0.0	0
79.8	69.1	12.0	0.0	0
79.9	69.9	11.3	0.0	0
79.9	67.3	10.6	0.0	0
80.0	70.1	12.8	0.0	0
80.1	71.2	12.4	0.0	0
80.1	70.1	12.0	0.0	0
80.2	70.8	12.9	0.0	0
80.3	71.2	12.8	0.0	0
80.4	74.0	14.4	0.0	0
80.4	75.4	14.9	0.0	0
80.5	76.4	15.4	0.0	0
80.6	79.8	17.9	0.0	0
80.7	80.9	17.5	0.0	0
80.8	80.6	17.6	0.0	0
80.8	82.0	18.8	0.0	0
80.9	83.8	19.0	0.0	0
81.0	82.7	18.5	0.0	0
81.1	83.1	18.8	0.0	0
81.2	82.6	18.4	0.0	0
81.2	83.7	19.7	0.0	0
81.3	84.9	19.8	0.0	0
81.4	84.7	19.6	0.0	0
81.5	83.7	19.0	0.0	0
81.6	85.6	20.5	0.0	0
81.7	85.7	20.2	0.0	0
81.7	85.3	19.8	0.0	1
81.8	83.6	18.8	0.0	0
81.9	82.2	18.1	0.0	0
82.0	83.5	19.7	0.0	0
82.0	82.2	17.4	0.0	0
82.1	81.1	17.6	0.0	0
82.2	78.3	16.1	0.0	0
82.3	78.2	16.1	0.0	0
82.3	76.7	14.8	0.0	0
82.4	76.9	16.2	0.0	0
82.5	77.0	15.3	0.0	0
82.5	76.7	15.2	0.0	0
82.6	76.4	15.3	0.0	0
82.7	74.4	14.1	0.0	0
82.8	75.8	15.3	0.0	0
82.8	75.6	14.8	0.0	0
82.9	76.7	15.7	0.0	0
83.0	78.6	16.8	0.0	0
83.1	80.7	17.9	0.0	0
83.2	83.9	20.3	0.0	0
83.2	85.7	20.5	0.0	0
83.3	85.9	20.3	0.0	1
83.4	87.0	21.2	0.0	0
83.5	87.4	21.2	0.0	0
83.6	92.5	26.8	0.0	0
83.6	102.9	32.1	0.0	0
83.7	114.2	38.9	0.0	0
83.8	126.5	49.0	0.0	0
83.8	134.3	55.6	0.0	0
83.9	135.1	62.8	0.0	0
84.0	135.6	67.7	0.0	0
84.1	135.3	68.9	0.0	0
84.1	135.4	70.4	0.0	0
84.2	135.0	76.3	0.0	0
84.3	135.4	73.1	0.0	0
84.3	136.0	70.1	0.0	0
84.4	135.7	69.5	0.0	0
84.5	135.3	66.4	0.0	0
84.6	134.8	68.1	0.0	0
84.7	134.9	63.2	0.0	0
84.8	119.2	18.2	0.0	0
84.8	68.7	2.4	0.0	0
84.9	51.6	1.6	0.0	0
85.0	47.5	0.1	0.0	0
85.1	46.9	0.3	0.0	0
85.2	46.9	0.2	0.0	0
85.2	46.6	0.1	0.0	0
85.3	46.5	0.1	0.0	0
85.4	46.8	0.1	0.0	0
85.5	46.7	0.2	0.0	0
85.6	47.4	0.3	0.0	0
85.6	48.3	0.3	0.0	0
85.7	48.0	0.3	0.0	0
85.8	47.6	0.3	0.0	0
85.9	47.9	0.3	0.0	0
86.0	50.9	3.2	0.0	0
86.1	49.9	0.1	0.0	0
86.1	56.8	9.6	0.0	0
86.2	74.8	19.2	0.0	0
86.3	85.3	21.1	0.0	0
86.4	77.3	13.2	0.0	1
86.5	83.1	25.0	0.0	0
86.5	74.7	0.2	0.0	0
86.6	58.7	9.4	0.0	0
86.7	68.0	13.4	0.0	0
86.8	56.6	0.6	0.0	0
86.8	57.7	8.7	0.0	0
86.9	55.4	0.1	0.0	0
87.0	49.3	0.4	0.0	0
87.0	47.8	0.3	0.0	0
87.1	47.4	0.2	0.0	0
87.2	48.1	0.3	0.0	0
87.3	48.1	0.3	0.0	0
87.3	47.8	0.3	0.0	0
87.4	47.6	0.3	0.0	0
87.5	47.5	0.3	0.0	0
87.6	48.4	0.3	0.0	0
87.6	48.2	0.3	0.0	0
87.7	47.5	0.3	0.0	0
87.8	47.7	0.3	0.0	0
87.9	47.7	0.3	0.0	0
88.0	47.8	0.3	0.0	0
88.1	47.5	0.2	0.0	0
88.1	47.7	0.2	0.0	0
88.2	47.9	0.3	0.0	0
88.3	47.8	0.2	0.0	0
88.4	48.1	0.3	0.0	0
88.5	47.6	0.2	0.0	0
88.5	47.4	0.3	0.0	0
88.6	47.5	0.4	0.0	0
88.7	47.5	0.2	0.0	0
88.8	47.5	0.2	0.0	0
88.9	47.7	0.2	0.0	0
89.0	47.4	0.1	0.0	0
89.0	47.3	0.2	0.0	0
89.1	46.7	0.2	0.0	0
89.2	48.1	0.2	0.0	0
89.3	47.6	0.2	0.0	0
89.4	47.2	0.3	0.0	0
89.4	47.5	0.2	0.0	0
89.5	47.0	0.2	0.0	0
89.6	46.9	0.1	0.0	0
89.7	47.0	0.2	0.0	0
89.8	47.2	0.2	0.0	0
89.8	47.1	0.1	0.0	0
89.9	47.2	0.2	0.0	0
90.0	47.3	0.2	0.0	0
90.1	47.1	0.4	0.0	0
90.2	47.2	0.3	0.0	0
90.3	47.4	0.2	0.0	0
90.3	46.6	0.3	0.0	0
90.4	47.8	0.2	0.0	0
90.5	47.5	0.3	0.0	0
90.6	47.5	0.3	0.0	0
90.7	47.9	0.2	0.0	0
90.7	47.5	0.3	0.0	0
90.8	47.9	0.3	0.0	0
90.9	47.6	0.3	0.0	0
91.0	47.6	0.2	0.0	0
91.1	47.1	0.2	0.0	0
91.1	47.4	0.2	0.0	0
91.2	47.5	0.3	0.0	0
91.3	47.4	0.2	0.0	0
91.4	47.6	0.3	0.0	0
91.5	47.2	0.1	0.0	0
91.6	46.9	0.3	0.0	0
91.6	47.1	0.2	0.0	0
91.7	47.5	0.2	0.0	0
91.8	47.7	0.2	0.0	0
91.9	47.7	0.3	0.0	0
92.0	48.3	0.2	0.0	0
92.0	48.3	0.2	0.0	0
92.1	48.4	0.3	0.0	0
92.2	47.5	0.2	0.0	0
92.3	47.8	0.4	0.0	0
92.4	47.0	0.4	0.0	0
92.5	47.5	0.2	0.0	0
92.5	47.2	0.3	0.0	0
92.6	47.6	0.2	0.0	0
92.7	47.3	0.2	0.0	0
92.8	47.8	0.3	0.0	0
92.9	48.0	0.3	0.0	0
92.9	47.8	0.3	0.0	0
93.0	47.8	0.3	0.0	0
93.1	47.9	0.3	0.0	0
93.2	47.6	0.3	0.0	0
93.3	47.8	0.3	0.0	0
93.3	47.9	0.3	0.0	0
93.4	47.3	0.2	0.0	0
93.5	48.1	0.2	0.0	0
93.6	47.5	0.3	0.0	0
93.7	47.7	0.3	0.0	0
93.8	47.9	0.1	0.0	0
93.8	48.9	1.8	0.0	0
93.9	55.7	7.2	0.0	0
94.0	74.4	25.8	0.0	0
94.1	114.8	39.7	0.0	1
94.2	125.9	46.4	0.0	0
94.2	134.2	48.0	0.0	0
94.3	135.3	47.6	0.0	0
94.4	131.6	40.4	0.0	0
94.5	117.2	31.8	0.0	0
94.5	98.7	18.5	0.0	0
94.6	83.5	16.3	0.0	0
94.7	80.3	17.0	0.0	0
94.7	85.7	24.1	0.0	0
94.8	90.2	21.9	0.0	0
94.9	92.4	24.2	0.0	0
95.0	89.1	20.1	0.0	0
95.0	88.4	23.3	0.0	0
95.1	89.6	22.3	0.0	1
95.2	89.5	22.5	0.0	0
95.3	92.8	25.3	0.0	0
95.3	94.4	24.8	0.0	0
95.4	93.8	23.7	0.0	0
95.5	95.6	27.4	0.0	0
95.6	99.9	28.1	0.0	0
95.6	99.5	27.1	0.0	0
95.7	100.2	28.0	0.0	0
95.8	100.3	27.4	0.0	0
95.8	97.8	26.1	0.0	0
95.9	99.7	28.2	0.0	0
96.0	100.1	27.7	0.0	0
96.1	98.8	27.1	0.0	0
96.1	100.6	28.3	0.0	0
96.2	100.7	27.9	0.0	0
96.3	99.7	27.3	0.0	0
96.4	98.9	27.1	0.0	0
96.5	100.2	28.1	0.0	0
96.5	100.5	27.7	0.0	0
96.6	99.0	27.1	0.0	0
96.7	100.8	28.3	0.0	0
96.8	102.2	28.9	0.0	0
96.9	102.7	28.6	0.0	0
96.9	109.1	36.1	0.0	0
97.0	119.3	38.9	0.0	0
97.1	117.3	35.0	0.0	0
97.2	122.9	41.6	0.0	0
97.3	132.7	47.2	0.0	0
97.4	134.5	47.9	0.0	0
97.4	134.8	54.3	0.0	0
97.5	134.9	57.5	0.0	0
97.6	134.9	59.9	0.0	0
97.7	135.0	67.6	0.0	0
97.8	135.1	69.1	0.0	0
97.8	134.8	72.3	0.0	0
97.9	135.1	75.5	0.0	0
98.0	135.6	85.7	0.0	0
98.1	135.3	83.8	0.0	0
98.2	134.9	61.0	0.0	0
98.3	116.1	30.5	0.0	0
98.3	98.3	23.6	0.0	0
98.4	91.8	21.8	0.0	1
98.5	93.9	26.2	0.0	0
98.6	93.0	23.1	0.0	0
98.6	90.5	21.1	0.0	0
98.7	84.0	17.4	0.0	0
98.8	82.8	18.6	0.0	0
98.9	81.3	16.9	0.0	0
98.9	78.8	16.0	0.0	0
99.0	79.7	18.4	0.0	0
99.1	81.8	18.3	0.0	0
99.2	82.2	18.7	0.0	0
99.2	83.2	19.5	0.0	0
99.3	84.5	19.9	0.0	0
99.4	85.8	20.5	0.0	0
99.4	85.8	20.5	0.0	1
99.5	86.2	20.6	0.0	0
99.6	85.5	19.8	0.0	0
99.7	85.4	20.8	0.0	0
99.7	86.0	20.4	0.0	0
99.8	86.8	20.9	0.0	0
99.9	87.0	21.2	0.0	0
100.0	86.3	20.2	0.0	0
100.0	87.5	22.4	0.0	0
100.1	88.4	21.7	0.0	0
100.2	86.5	20.1	0.0	0
100.3	87.5	22.4	0.0	0
100.3	88.5	21.5	0.0	0
100.4	90.4	24.0	0.0	0
100.5	92.7	23.3	0.0	1
100.6	91.4	22.7	0.0	0
100.6	90.0	21.8	0.0	0
100.7	89.2	22.3	0.0	0
100.8	87.8	21.0	0.0	0
100.8	88.8	23.0	0.0	0
100.9	90.7	22.4	0.0	0
101.0	88.6	21.4	0.0	0
101.1	89.1	22.4	0.0	0
101.1	89.5	22.2	0.0	0
101.2	87.9	21.3	0.0	0
101.3	88.7	22.2	0.0	0
101.4	88.7	21.7	0.0	0
101.4	88.3	21.6	0.0	0
101.5	89.4	22.0	0.0	1
101.6	89.4	21.9	0.0	0
101.7	87.2	20.9	0.0	0
101.7	87.7	21.9	0.0	0
101.8	88.9	21.6	0.0	0
101.9	87.1	20.7	0.0	0
101.9	87.9	22.0	0.0	0
102.0	88.5	21.5	0.0	0
102.1	91.6	25.5	0.0	0
102.2	98.6	27.5	0.0	0
102.2	109.6	36.2	0.0	0
102.3	124.9	46.9	0.0	0
102.4	132.8	44.3	0.0	0
102.5	134.0	49.9	0.0	0
102.5	135.3	56.4	0.0	0
102.6	135.1	52.4	0.0	0
102.7	117.7	31.2	0.0	0
102.8	90.1	17.9	0.0	0
102.9	82.4	17.7	0.0	0
102.9	81.1	17.6	0.0	0
103.0	89.6	26.7	0.0	0
103.1	93.2	23.3	0.0	1
103.2	84.7	7.5	0.0	0
103.3	60.4	4.7	0.0	0
103.3	55.2	3.0	0.0	0
103.4	52.0	1.5	0.0	0
103.5	49.2	1.0	0.0	0
103.5	49.2	1.4	0.0	0
103.6	48.7	0.2	0.0	0
103.7	48.1	0.6	0.0	0
103.8	48.6	0.7	0.0	0
103.8	48.0	0.7	0.0	0
103.9	50.7	2.5	0.0	0
104.0	50.1	1.4	0.0	0
104.0	51.4	4.1	0.0	0
104.1	51.8	2.1	0.0	0
104.2	48.9	0.3	0.0	0
104.3	62.9	11.9	0.0	0
104.4	71.0	13.3	0.0	0
104.4	72.1	12.9	0.0	0
104.5	71.9	12.2	0.0	0
104.6	72.7	13.5	0.0	0
104.7	72.1	12.6	0.0	0
104.8	70.4	11.6	0.0	0
104.8	70.3	12.4	0.0	0
104.9	82.5	26.5	0.0	0
105.0	104.4	32.7	0.0	1
105.1	94.6	10.3	0.0	0
105.2	77.9	21.2	0.0	0
105.2	86.6	21.5	0.0	0
105.3	86.2	20.3	0.0	0
105.4	84.6	18.4	0.0	0
105.5	83.5	18.3	0.0	0
105.5	79.2	15.1	0.0	0
105.6	77.4	16.0	0.0	0
105.7	78.5	15.9	0.0	0
105.7	79.8	17.7	0.0	0
105.8	80.8	17.0	0.0	0
105.9	83.5	19.5	0.0	0
106.0	82.8	18.0	0.0	0
106.0	80.3	16.5	0.0	0
106.1	82.6	19.3	0.0	0
106.2	83.6	18.5	0.0	0
106.3	82.5	18.5	0.0	0
106.3	87.0	22.0	0.0	0
106.4	94.4	26.4	0.0	1
106.5	98.9	27.8	0.0	0
106.6	100.1	27.5	0.0	0
106.7	100.0	27.1	0.0	0
106.7	100.8	27.9	0.0	0
106.8	100.8	27.9	0.0	0
106.9	102.8	29.7	0.0	0
106.9	103.7	28.9	0.0	0
107.0	102.7	28.8	0.0	0
107.1	103.5	29.4	0.0	0
107.2	103.4	29.2	0.0	0
107.2	104.8	30.4	0.0	0
107.3	104.4	29.8	0.0	0
107.4	105.8	31.1	0.0	0
107.4	108.4	31.6	0.0	0
107.5	108.2	31.5	0.0	0
107.6	109.4	32.2	0.0	0
107.7	107.9	31.0	0.0	0
107.8	109.4	32.4	0.0	0
107.9	110.5	32.9	0.0	0
107.9	110.5	32.3	0.0	0
108.0	109.6	33.0	0.0	0
108.1	109.8	32.2	0.0	0
108.2	109.3	31.6	0.0	0
108.3	110.7	33.4	0.0	0
108.3	110.8	32.5	0.0	0
108.4	112.3	33.8	0.0	0
108.5	111.2	33.0	0.0	0
108.6	109.2	31.4	0.0	0
108.7	111.5	34.1	0.0	0
108.7	110.0	32.2	0.0	0
108.8	111.8	34.2	0.0	0
108.9	110.9	32.5	0.0	0
109.0	113.2	34.8	0.0	0
109.1	116.1	36.6	0.0	0
109.2	115.4	34.8	0.0	0
109.2	118.4	38.7	0.0	0
109.3	129.0	49.8	0.0	0
109.4	120.7	34.1	0.0	0
109.5	94.8	15.2	0.0	0
109.6	74.8	12.5	0.0	0
109.6	77.0	15.9	0.0	0
109.7	73.9	12.3	0.0	0
109.8	72.4	13.6	0.0	0
109.9	70.6	12.0	0.0	0
110.0	74.3	15.3	0.0	0
110.0	76.9	15.6	0.0	0
110.1	76.4	14.8	0.0	0
110.2	78.4	16.8	0.0	0
110.3	81.9	19.1	0.0	0
110.4	82.3	18.1	0.0	0
110.4	85.4	21.4	0.0	0
110.5	85.5	19.5	0.0	1
110.6	85.8	21.5	0.0	0
110.7	87.2	21.0	0.0	0
110.8	85.0	19.4	0.0	0
110.8	85.2	20.1	0.0	0
110.9	85.4	20.2	0.0	0
111.0	86.5	20.7	0.0	0
111.0	86.6	20.5	0.0	0
111.1	85.4	19.6	0.0	0
111.2	86.2	21.5	0.0	0
111.3	92.2	26.7	0.0	0
111.3	101.1	30.6	0.0	0
111.4	111.5	37.4	0.0	0
111.5	123.9	45.6	0.0	0
111.5	133.6	48.8	0.0	0
111.6	134.9	49.9	0.0	0
111.7	134.7	49.5	0.0	0
111.8	135.0	49.9	0.0	0
111.9	135.5	48.5	0.0	0
112.0	128.9	39.7	0.0	0
112.0	106.5	25.4	0.0	0
112.1	87.5	17.4	0.0	0
112.2	90.8	24.4	0.0	0
112.3	99.7	29.7	0.0	1
112.4	105.4	31.5	0.0	0
112.4	101.7	25.5	0.0	0
112.5	94.7	22.1	0.0	0
112.6	89.1	21.0	0.0	0
112.7	85.3	19.2	0.0	0
112.7	86.0	21.2	0.0	0
112.8	85.1	19.2	0.0	0
112.9	82.2	18.0	0.0	0
112.9	83.2	19.2	0.0	0
113.0	83.0	18.7	0.0	0
113.1	83.5	19.4	0.0	0
113.2	86.0	22.3	0.0	0
113.2	87.7	21.2	0.0	0
113.3	90.3	23.3	0.0	1
113.4	91.1	23.1	0.0	0
113.5	91.6	22.7	0.0	0
113.5	92.3	25.0	0.0	0
113.6	96.4	26.5	0.0	0
113.7	100.6	28.9	0.0	0
113.7	106.7	32.3	0.0	0
113.8	114.9	37.4	0.0	0
113.9	125.8	45.9	0.0	0
114.0	133.4	54.2	0.0	0
114.0	135.2	55.1	0.0	0
114.1	134.8	53.1	0.0	0
114.2	132.3	42.0	0.0	0
114.3	114.5	28.4	0.0	0
114.3	101.1	26.6	0.0	0
114.4	88.8	17.9	0.0	0
114.5	88.7	22.7	0.0	0
114.6	85.3	18.2	0.0	1
114.7	85.8	21.8	0.0	0
114.7	91.0	24.4	0.0	0
114.8	95.7	26.5	0.0	0
114.9	99.4	28.2	0.0	0
114.9	99.6	26.7	0.0	0
115.0	99.0	27.1	0.0	0
115.1	98.7	26.8	0.0	0
115.2	100.2	28.4	0.0	0
115.2	108.6	34.3	0.0	0
115.3	123.6	46.4	0.0	0
115.4	125.5	34.0	0.0	0
115.4	99.1	0.1	0.0	0
115.5	56.1	-0.2	0.0	0
115.6	48.3	0.0	0.0	0
115.7	47.5	0.2	0.0	0
115.7	47.1	0.2	0.0	0
115.8	47.1	0.1	0.0	0
115.9	45.6	-1.2	0.0	0
116.0	48.7	1.5	0.0	0
116.1	62.3	31.1	0.0	0
116.2	88.3	15.4	0.0	0
116.2	76.8	13.8	0.0	0
116.3	72.0	12.2	0.0	0
116.4	73.3	13.5	0.0	0
116.5	68.7	10.5	0.0	0
116.6	69.4	12.4	0.0	0
116.6	68.0	10.1	0.0	0
116.7	73.8	15.5	0.0	0
116.8	74.4	13.5	0.0	0
116.9	75.9	15.0	0.0	0
117.0	73.4	13.3	0.0	0
117.0	78.5	17.1	0.0	0
117.1	77.6	14.9	0.0	0
117.2	75.4	14.6	0.0	0
117.3	76.5	15.5	0.0	0
117.4	75.1	13.9	0.0	0
117.5	77.4	16.6	0.0	0
117.5	78.8	16.4	0.0	0
117.6	86.9	25.3	0.0	0
117.7	98.0	27.3	0.0	1
117.8	101.3	29.0	0.0	0
117.9	102.7	28.8	0.0	0
117.9	99.0	23.3	0.0	0
118.0	93.1	23.1	0.0	0
118.1	91.6	22.2	0.0	0
118.1	85.3	16.1	0.0	0
118.2	78.6	15.2	0.0	0
118.3	76.1	14.9	0.0	0
118.4	72.8	12.3	0.0	0
118.4	74.7	15.4	0.0	0
118.5	73.3	12.2	0.0	0
118.6	73.8	15.3	0.0	0
118.6	73.3	12.9	0.0	0
118.7	75.6	15.4	0.0	0
118.8	75.1	14.2	0.0	0
118.9	72.3	12.7	0.0	0
119.0	73.8	15.3	0.0	0
119.0	76.3	15.3	0.0	0
119.1	85.8	24.9	0.0	0
119.2	95.1	25.7	0.0	1
119.3	102.7	41.8	0.0	0
119.4	128.2	61.8	0.0	0
119.4	133.9	65.6	0.0	0
119.5	135.0	59.5	0.0	0
119.6	134.9	61.5	0.0	0
119.7	135.4	65.7	0.0	0
119.7	135.1	66.8	0.0	0
119.8	135.1	65.9	0.0	0
119.9	134.9	72.4	0.0	0
119.9	134.7	79.6	0.0	0
120.0	135.3	85.7	0.0	0
120.1	135.1	88.1	0.0	0
120.2	135.5	87.9	0.0	0
120.2	135.0	81.4	0.0	0
120.3	135.1	77.6	0.0	0
120.4	135.0	76.6	0.0	0
120.5	134.5	74.7	0.0	0
120.6	134.6	72.3	0.0	0
120.6	135.4	63.9	0.0	0
120.7	135.7	56.1	0.0	0
120.8	112.3	2.6	0.0	0
120.9	58.1	0.6	0.0	1
121.0	48.5	0.2	0.0	0
121.0	47.8	0.2	0.0	0
121.1	47.6	0.3	0.0	0
121.2	46.1	-0.8	0.0	0
121.3	46.1	-0.3	0.0	0
121.3	46.6	-0.0	0.0	0
121.4	46.7	0.0	0.0	0
121.5	47.2	0.7	0.0	0
121.5	47.9	0.2	0.0	0
121.6	47.9	0.5	0.0	0
121.7	47.8	0.0	0.0	0
121.8	47.4	0.3	0.0	0
121.8	47.1	0.3	0.0	0
121.9	47.5	0.1	0.0	0
122.0	47.0	0.2	0.0	0
122.1	47.9	0.3	0.0	0
122.1	48.0	0.4	0.0	0
122.2	48.0	0.3	0.0	0
122.3	52.2	4.4	0.0	0
122.4	55.4	5.0	0.0	0
122.5	51.5	1.0	0.0	0
122.6	48.1	0.2	0.0	0
122.6	47.7	0.4	0.0	0
122.7	48.1	0.4	0.0	0
122.8	47.5	0.2	0.0	0
122.9	47.9	0.3	0.0	0
123.0	47.6	0.4	0.0	0
123.0	47.8	0.4	0.0	0
123.1	47.5	0.2	0.0	0
123.2	47.7	0.4	0.0	0
123.3	47.0	0.2	0.0	0
123.4	47.5	0.3	0.0	0
123.5	47.4	0.2	0.0	0
123.5	47.9	0.2	0.0	0
123.6	47.9	0.7	0.0	0
123.7	47.3	0.3	0.0	0
123.8	47.2	0.5	0.0	0
123.9	48.0	0.7	0.0	0
123.9	47.3	0.2	0.0	0
124.0	47.8	0.3	0.0	0
124.1	47.9	0.4	0.0	0
124.2	47.8	0.2	0.0	0
124.3	47.7	0.2	0.0	0
124.3	47.6	0.2	0.0	0
124.4	47.1	0.2	0.0	0
124.5	47.5	0.2	0.0	0
124.6	47.1	0.1	0.0	0
124.7	47.2	0.0	0.0	0
124.8	47.6	0.1	0.0	0
124.8	46.7	-0.3	0.0	0
124.9	52.6	5.3	0.0	0
125.0	60.6	8.6	0.0	0
125.1	60.7	7.2	0.0	0
125.2	61.9	7.8	0.0	0
125.2	58.1	5.2	0.0	0
125.3	52.5	1.0	0.0	0
125.4	53.3	4.5	0.0	0
125.5	63.5	12.4	0.0	0
125.6	72.6	14.4	0.0	0
125.6	81.9	20.2	0.0	0
125.7	77.9	14.2	0.0	0
125.8	75.6	14.6	0.0	0
125.9	75.8	14.9	0.0	0
126.0	74.6	14.2	0.0	0
126.1	78.3	17.8	0.0	0
126.1	77.8	14.8	0.0	0
126.2	79.9	17.4	0.0	0
126.3	82.0	19.2	0.0	0
126.4	85.3	20.3	0.0	0
126.5	86.2	20.0	0.0	0
126.5	84.5	19.2	0.0	0
126.6	84.1	19.4	0.0	0
126.7	83.6	18.6	0.0	0
126.8	84.5	20.4	0.0	0
126.9	87.1	21.5	0.0	0
126.9	85.5	19.1	0.0	1
127.0	86.4	20.9	0.0	0
127.1	86.6	20.3	0.0	0
127.2	86.6	20.4	0.0	0
127.3	84.3	19.2	0.0	0
127.3	85.1	19.9	0.0	0
127.4	83.0	17.7	0.0	0
127.5	84.4	19.3	0.0	0
127.5	82.3	17.7	0.0	0
127.6	82.1	18.4	0.0	0
127.7	82.1	17.5	0.0	0
127.8	79.2	15.8	0.0	0
127.8	78.7	16.8	0.0	0
127.9	79.2	16.2	0.0	0
128.0	80.3	17.6	0.0	0
128.1	81.8	17.4	0.0	0
128.1	79.2	15.7	0.0	0
128.2	79.8	17.2	0.0	0
128.3	80.0	17.1	0.0	0
128.4	79.4	16.2	0.0	0
128.5	80.8	17.8	0.0	0
128.5	80.4	17.0	0.0	0
128.6	79.2	16.3	0.0	0
128.7	79.1	17.2	0.0	0
128.8	79.9	17.1	0.0	0
128.9	79.6	16.4	0.0	0
129.0	80.1	17.5	0.0	0
129.0	80.9	17.3	0.0	0
129.1	78.8	15.6	0.0	0
129.2	79.3	17.0	0.0	0
129.3	80.0	16.9	0.0	0
129.4	81.3	17.4	0.0	0
129.4	81.8	17.7	0.0	0
129.5	89.1	24.1	0.0	0
129.6	93.9	24.5	0.0	1
129.7	98.3	27.5	0.0	0
129.8	96.8	23.2	0.0	0
129.8	90.1	20.9	0.0	0
129.9	90.2	22.3	0.0	0
130.0	87.1	18.9	0.0	0
130.1	87.5	22.9	0.0	0
130.1	84.0	17.1	0.0	0
130.2	85.1	21.2	0.0	0
130.3	87.7	21.2	0.0	0
130.3	93.4	25.6	0.0	0
130.4	98.9	28.4	0.0	0
130.5	102.9	29.8	0.0	0
130.6	105.8	31.0	0.0	0
130.6	106.1	30.1	0.0	0
130.7	106.4	30.3	0.0	0
130.8	104.3	29.8	0.0	0
130.9	106.2	31.1	0.0	0
131.0	107.1	31.1	0.0	0
131.0	108.9	32.4	0.0	0
131.1	110.0	32.7	0.0	0
131.2	111.8	33.6	0.0	0
131.3	112.2	33.1	0.0	0
131.4	110.6	32.2	0.0	0
131.4	111.6	33.7	0.0	0
131.5	110.4	32.2	0.0	0
131.6	111.6	33.5	0.0	0
131.7	112.2	33.4	0.0	0
131.8	113.7	34.9	0.0	0
131.9	104.3	24.6	0.0	0
131.9	98.8	27.1	0.0	0
132.0	96.7	24.1	0.0	0
132.1	94.2	24.5	0.0	1
132.2	92.9	22.5	0.0	0
132.3	91.7	22.9	0.0	0
132.3	86.3	18.5	0.0	0
132.4	84.4	19.6	0.0	0
132.5	83.3	18.7	0.0	0
132.5	82.5	18.8	0.0	0
132.6	81.6	17.2	0.0	0
132.7	82.2	18.5	0.0	0
132.8	80.2	16.4	0.0	0
132.8	81.6	18.7	0.0	0
132.9	81.4	17.3	0.0	0
133.0	86.5	23.7	0.0	0
133.1	94.7	25.6	0.0	0
133.1	102.9	31.6	0.0	1
133.2	114.0	38.1	0.0	0
133.3	120.7	39.5	0.0	0
133.4	121.0	37.9	0.0	0
133.4	117.4	35.5	0.0	0
133.5	114.5	34.2	0.0	0
133.6	110.0	30.2	0.0	0
133.6	103.9	28.3	0.0	0
133.7	98.8	24.9	0.0	0
133.8	94.0	23.2	0.0	0
133.9	86.2	18.3	0.0	0
133.9	84.9	20.1	0.0	0
134.0	88.2	22.9	0.0	0
134.1	90.6	22.8	0.0	0
134.2	76.4	11.9	0.0	1
134.2	61.6	0.6	0.0	0
134.3	49.0	0.2	0.0	0
134.4	48.5	0.4	0.0	0
134.5	47.3	0.2	0.0	0
134.5	47.5	0.4	0.0	0
134.6	48.1	0.4	0.0	0
134.7	47.5	0.4	0.0	0
134.7	48.0	0.4	0.0	0
134.8	48.0	0.4	0.0	0
134.9	47.7	0.4	0.0	0
135.0	47.7	0.3	0.0	0
135.0	47.8	0.5	0.0	0
135.1	47.9	0.4	0.0	0
135.2	47.7	0.3	0.0	0
135.3	47.8	0.4	0.0	0
135.3	48.0	0.5	0.0	0
135.4	47.6	0.4	0.0	0
135.5	47.7	0.4	0.0	0
135.6	47.4	0.4	0.0	0
135.7	47.5	0.3	0.0	0
135.7	47.5	0.3	0.0	0
135.8	47.2	0.3	0.0	0
135.9	47.6	0.3	0.0	0
136.0	47.5	0.2	0.0	0
136.1	47.9	0.3	0.0	0
136.2	48.0	0.3	0.0	0
136.2	47.6	0.3	0.0	0
136.3	47.1	0.4	0.0	0
136.4	46.8	0.4	0.0	0
136.5	47.2	0.3	0.0	0
136.6	46.9	0.3	0.0	0
136.6	47.4	0.3	0.0	0
136.7	47.5	0.3	0.0	0
136.8	47.4	0.3	0.0	0
136.9	47.7	0.3	0.0	0
137.0	47.0	0.2	0.0	0
137.1	47.4	0.3	0.0	0
137.1	47.2	0.4	0.0	0
137.2	47.7	0.3	0.0	0
137.3	47.9	0.3	0.0	0
137.4	47.4	0.3	0.0	0
137.5	48.1	0.3	0.0	0
137.5	48.1	0.3	0.0	0
137.6	48.1	0.3	0.0	0
137.7	47.7	0.3	0.0	0
137.8	48.0	0.4	0.0	0
137.9	48.0	0.3	0.0	0
138.0	47.8	0.4	0.0	0
138.0	48.0	0.3	0.0	0
138.1	47.9	0.3	0.0	0
138.2	47.2	0.3	0.0	0
138.3	47.5	0.2	0.0	0
138.4	47.8	0.3	0.0	0
138.4	46.9	0.3	0.0	0
138.5	47.6	0.3	0.0	0
138.6	47.9	0.4	0.0	0
138.7	48.1	0.4	0.0	0
138.8	47.1	0.3	0.0	0
138.9	47.8	0.3	0.0	0
138.9	47.0	0.3	0.0	0
139.0	48.0	0.2	0.0	0
139.1	48.0	0.2	0.0	0
139.2	47.7	0.2	0.0	0
139.3	47.9	0.4	0.0	0
139.3	48.4	0.4	0.0	0
139.4	47.6	0.4	0.0	0
139.5	47.9	0.4	0.0	0
139.6	47.9	0.3	0.0	0
139.7	47.4	0.4	0.0	0
139.7	47.8	0.3	0.0	0
139.8	48.4	0.3	0.0	0
139.9	47.7	0.5	0.0	0
140.0	47.9	0.4	0.0	0
140.1	47.8	0.3	0.0	0
140.1	47.8	0.4	0.0	0
140.2	48.1	0.4	0.0	0
140.3	47.5	0.4	0.0	0
140.4	47.8	0.4	0.0	0
140.5	47.5	0.3	0.0	0
140.6	47.8	0.4	0.0	0
140.6	47.5	0.2	0.0	0
140.7	47.7	0.3	0.0	0
140.8	48.2	0.3	0.0	0
140.9	48.1	0.3	0.0	0
141.0	47.9	0.3	0.0	0
141.0	47.9	0.3	0.0	0
141.1	48.0	0.4	0.0	0
141.2	47.1	0.2	0.0	0
141.3	47.8	0.2	0.0	0
141.4	48.0	0.2	0.0	0
141.4	47.8	0.4	0.0	0
141.5	48.0	0.3	0.0	0
141.6	48.0	0.3	0.0	0
141.7	47.4	0.4	0.0	0
141.8	47.5	0.2	0.0	0
141.8	47.2	0.4	0.0	0
141.9	47.2	0.3	0.0	0
142.0	48.1	0.3	0.0	0
142.1	47.7	0.3	0.0	0
142.2	48.0	0.4	0.0	0
142.3	47.7	0.5	0.0	0
142.3	47.2	0.3	0.0	0
142.4	47.3	0.2	0.0	0
142.5	47.6	0.3	0.0	0
142.6	48.1	0.4	0.0	0
142.7	48.1	0.3	0.0	0
142.7	47.2	0.3	0.0	0
142.8	48.0	0.4	0.0	0
142.9	46.6	-0.6	0.0	0
143.0	46.0	-1.1	0.0	0
143.1	46.5	0.0	0.0	0
143.1	47.7	0.4	0.0	0
143.2	47.9	0.5	0.0	0
143.3	47.7	0.5	0.0	0
143.4	47.7	0.5	0.0	0
143.5	48.0	0.4	0.0	0
143.5	47.4	0.2	0.0	0
143.6	47.4	0.2	0.0	0
143.7	46.5	-1.3	0.0	0
143.8	45.6	-0.9	0.0	0
143.9	44.9	-1.2	0.0	0
144.0	45.8	-0.3	0.0	0
144.0	56.0	10.3	0.0	0
144.1	73.8	18.6	0.0	0
144.2	85.3	21.8	0.0	0
144.3	95.1	26.8	0.0	1
144.4	99.9	28.3	0.0	0
144.4	101.2	27.9	0.0	0
144.5	96.7	20.9	0.0	0
144.6	80.9	13.1	0.0	0
144.6	62.1	0.6	0.0	0
144.7	49.7	0.1	0.0	0
144.8	47.5	0.1	0.0	0
144.9	46.1	-0.8	0.0	0
144.9	46.5	0.3	0.0	0
145.0	47.7	0.3	0.0	0
145.1	48.0	0.2	0.0	0
145.2	47.6	0.2	0.0	0
145.2	47.5	0.3	0.0	0
145.3	47.3	0.2	0.0	0
145.4	47.8	0.4	0.0	0
145.5	47.5	0.1	0.0	0
145.5	47.8	0.3	0.0	0
145.6	47.7	0.2	0.0	0
145.7	47.3	0.1	0.0	0
145.8	46.7	0.1	0.0	0
145.9	46.8	0.1	0.0	0
145.9	47.4	0.1	0.0	0
146.0	47.6	0.4	0.0	0
146.1	47.1	0.0	0.0	0
146.2	49.0	1.1	0.0	0
146.3	48.2	0.3	0.0	0
146.3	52.2	4.3	0.0	0
146.4	72.6	26.4	0.0	0
146.5	117.7	40.4	0.0	1
146.6	128.9	47.7	0.0	0
146.7	134.5	48.1	0.0	0
146.7	134.3	49.7	0.0	0
146.8	135.0	47.0	0.0	0
146.9	133.2	43.9	0.0	0
147.0	127.5	40.6	0.0	0
147.0	116.2	11.3	0.0	0
147.1	91.4	24.4	0.0	0
147.2	101.9	32.6	0.0	0
147.2	103.2	26.2	0.0	0
147.3	101.8	29.3	0.0	0
147.4	99.8	26.5	0.0	0
147.5	96.4	24.6	0.0	0
147.5	96.8	26.1	0.0	1
147.6	98.1	26.7	0.0	0
147.7	95.9	23.6	0.0	0
147.8	93.6	23.9	0.0	0
147.8	91.6	22.5	0.0	0
147.9	89.6	22.2	0.0	0
148.0	90.9	23.5	0.0	0
148.0	91.3	22.7	0.0	0
148.1	90.1	22.3	0.0	0
148.2	90.9	23.3	0.0	0
148.3	91.5	23.2	0.0	0
148.3	91.3	23.1	0.0	0
148.4	91.4	23.4	0.0	0
148.5	91.4	23.4	0.0	0
148.6	92.5	23.7	0.0	1
148.6	93.0	24.2	0.0	0
148.7	93.2	23.8	0.0	0
148.8	92.4	23.5	0.0	0
148.9	92.5	23.7	0.0	0
148.9	92.1	23.4	0.0	0
149.0	95.2	26.1	0.0	0
149.1	95.1	24.6	0.0	0
149.1	94.4	24.8	0.0	0
149.2	98.5	27.2	0.0	0
149.3	97.7	25.4	0.0	0
149.4	99.0	28.7	0.0	0
149.4	99.8	27.2	0.0	0
149.5	99.9	28.5	0.0	0
149.6	101.6	28.5	0.0	0
149.7	102.6	28.8	0.0	0
149.7	103.8	29.6	0.0	0
149.8	104.6	30.3	0.0	0
149.9	105.1	30.4	0.0	0
150.0	104.9	29.9	0.0	0
150.1	101.7	27.4	0.0	0
150.1	100.1	27.4	0.0	0
150.2	95.1	23.2	0.0	0
150.3	92.6	23.6	0.0	1
150.4	93.3	24.3	0.0	0
150.5	91.5	22.5	0.0	0
150.5	93.9	26.0	0.0	0
150.6	92.9	21.2	0.0	0
150.7	74.5	0.9	0.0	0
150.7	50.4	0.2	0.0	0
150.8	47.5	0.3	0.0	0
150.9	47.1	0.2	0.0	0
151.0	48.0	0.5	0.0	0
151.0	47.5	0.3	0.0	0
151.1	46.9	0.1	0.0	0
151.2	47.4	0.1	0.0	0
151.2	48.0	0.1	0.0	0
151.3	48.0	0.2	0.0	0
151.4	48.1	0.3	0.0	0
151.5	47.8	0.2	0.0	0
151.6	47.1	0.1	0.0	0
151.6	47.5	0.2	0.0	0
151.7	47.9	0.3	0.0	0
151.8	47.5	0.2	0.0	0
151.9	47.7	0.2	0.0	0
152.0	47.7	0.3	0.0	0
152.1	53.5	5.2	0.0	0
152.1	61.0	9.2	0.0	0
152.2	64.4	9.2	0.0	0
152.3	60.5	6.1	0.0	0
152.4	51.4	0.2	0.0	0
152.5	58.0	8.3	0.0	0
152.5	64.3	9.6	0.0	0
152.6	55.4	-0.8	0.0	0
152.7	49.4	0.4	0.0	0
152.8	47.7	0.4	0.0	0
152.9	47.5	0.4	0.0	0
152.9	48.0	0.4	0.0	0
153.0	47.2	0.4	0.0	0
153.1	47.5	0.3	0.0	0
153.2	47.8	0.2	0.0	0
153.3	47.7	0.2	0.0	0
153.4	46.5	-0.7	0.0	0
153.4	49.7	2.5	0.0	0
153.5	72.8	18.4	0.0	0
153.6	88.9	26.6	0.0	0
153.7	101.4	29.6	0.0	1
153.8	90.4	16.6	0.0	0
153.8	86.6	23.1	0.0	0
153.9	89.9	21.5	0.0	0
154.0	87.0	20.2	0.0	0
154.1	84.7	19.3	0.0	0
154.1	86.8	22.6	0.0	0
154.2	90.9	22.4	0.0	0
154.3	93.6	25.2	0.0	0
154.3	95.6	25.1	0.0	0
154.4	98.3	27.1	0.0	0
154.5	98.8	26.8	0.0	0
154.6	98.9	27.1	0.0	0
154.6	100.4	27.8	0.0	0
154.7	100.1	26.9	0.0	0
154.8	99.4	27.1	0.0	0
154.9	100.0	27.4	0.0	0
154.9	100.5	27.7	0.0	0
155.0	100.7	28.3	0.0	0
155.1	100.9	27.2	0.0	0
155.2	100.4	27.7	0.0	0
155.3	100.7	27.5	0.0	0
155.3	98.2	25.5	0.0	0
155.4	98.4	27.2	0.0	0
155.5	86.9	13.8	0.0	0
155.6	69.9	8.9	0.0	0
155.7	55.7	0.3	0.0	0
155.8	48.8	0.2	0.0	0
155.8	47.0	0.4	0.0	0
155.9	47.8	0.3	0.0	0
156.0	48.0	0.4	0.0	0
156.1	47.8	0.4	0.0	0
156.2	47.6	0.3	0.0	0
156.2	51.1	3.6	0.0	0
156.3	60.6	10.5	0.0	0
156.4	67.7	11.7	0.0	0
156.5	70.3	12.3	0.0	0
156.6	70.9	12.8	0.0	0
156.7	70.5	11.6	0.0	0
156.7	74.6	16.3	0.0	0
156.8	77.8	16.3	0.0	0
156.9	77.4	15.5	0.0	0
157.0	80.1	18.9	0.0	0
157.1	84.9	20.7	0.0	0
157.1	90.7	23.5	0.0	1
157.2	92.4	23.6	0.0	0
157.3	91.9	22.7	0.0	0
157.4	91.5	23.3	0.0	0
157.4	93.3	23.5	0.0	0
157.5	92.5	23.6	0.0	0
157.6	90.4	20.9	0.0	0
157.7	85.9	19.4	0.0	0
157.7	83.1	18.3	0.0	0
157.8	80.7	16.7	0.0	0
157.9	77.9	14.7	0.0	0
157.9	69.6	8.6	0.0	0
158.0	58.2	1.2	0.0	0
158.1	56.9	37.5	0.0	0
158.2	104.9	37.3	0.0	0
158.2	113.2	33.9	0.0	0
158.3	112.6	34.5	0.0	0
158.4	112.1	33.4	0.0	0
158.5	111.3	33.2	0.0	0
158.6	112.0	33.3	0.0	0
158.7	111.7	33.2	0.0	0
158.7	112.3	33.5	0.0	0
158.8	99.7	23.3	0.0	0
158.9	93.2	23.0	0.0	0
159.0	91.6	23.0	0.0	1
159.1	91.0	22.5	0.0	0
159.1	89.1	21.9	0.0	0
159.2	89.4	22.0	0.0	0
159.3	89.4	21.4	0.0	0
159.4	88.5	21.6	0.0	0
159.4	88.3	21.6	0.0	0
159.5	78.3	11.9	0.0	0
159.6	66.5	6.8	0.0	0
159.6	69.8	18.7	0.0	0
159.7	91.9	27.2	0.0	0
159.8	99.0	28.7	0.0	0
159.9	100.6	27.0	0.0	0
159.9	93.3	20.8	0.0	0
160.0	81.4	15.8	0.0	1
160.1	69.9	0.4	0.0	0
160.2	50.5	0.5	0.0	0
160.2	47.7	0.4	0.0	0
160.3	47.5	0.3	0.0	0
160.4	47.4	0.4	0.0	0
160.4	46.9	0.4	0.0	0
160.5	47.1	0.5	0.0	0
160.6	46.4	-0.5	0.0	0
160.7	46.2	-0.1	0.0	0
160.7	47.4	0.3	0.0	0
160.8	47.7	0.4	0.0	0
160.9	48.1	0.3	0.0	0
161.0	47.6	0.4	0.0	0
161.0	47.2	0.4	0.0	0
161.1	47.4	0.4	0.0	0
161.2	48.0	0.4	0.0	0
161.3	47.8	0.4	0.0	0
161.3	48.2	0.4	0.0	0
161.4	47.4	0.5	0.0	0
161.5	48.1	0.4	0.0	0
161.6	47.5	0.5	0.0	0
161.7	47.4	0.5	0.0	0
161.8	48.1	0.4	0.0	0
161.8	50.9	3.5	0.0	0
161.9	47.9	-0.6	0.0	0
162.0	47.8	0.3	0.0	0
162.1	47.8	0.3	0.0	0
162.2	48.4	0.7	0.0	0
162.2	46.3	-0.4	0.0	0
162.3	46.4	-0.0	0.0	0
162.4	46.9	0.0	0.0	0
162.5	46.3	-0.0	0.0	0
162.6	47.0	-0.0	0.0	0
162.7	47.4	-0.1	0.0	0
162.7	46.5	-0.1	0.0	0
162.8	46.1	-1.4	0.0	0
162.9	46.5	0.3	0.0	0
163.0	47.1	0.3	0.0	0
163.1	47.2	0.4	0.0	0
163.1	47.2	0.2	0.0	0
163.2	47.4	0.3	0.0	0
163.3	47.9	0.3	0.0	0
163.4	47.3	0.3	0.0	0
163.5	47.9	0.3	0.0	0
163.5	47.6	0.2	0.0	0
163.6	47.9	0.3	0.0	0
163.7	48.3	0.3	0.0	0
163.8	47.7	0.2	0.0	0
163.9	47.7	0.5	0.0	0
164.0	47.6	0.5	0.0	0
164.0	48.0	0.7	0.0	0
164.1	49.4	0.7	0.0	0
164.2	48.3	0.3	0.0	0
164.3	47.6	0.3	0.0	0
164.4	47.6	0.3	0.0	0
164.4	48.0	0.3	0.0	0
164.5	47.9	0.5	0.0	0
164.6	49.7	1.9	0.0	0
164.7	59.4	10.1	0.0	0
164.8	81.7	29.6	0.0	0
164.9	111.9	36.9	0.0	0
164.9	120.9	39.7	0.0	0
165.0	120.2	36.9	0.0	0
165.1	114.8	34.1	0.0	0
165.2	109.3	30.6	0.0	0
165.3	88.1	12.2	0.0	0
165.3	82.3	21.3	0.0	0
165.4	96.1	28.2	0.0	0
165.5	98.7	26.7	0.0	0
165.6	98.8	26.7	0.0	0
165.7	97.9	26.1	0.0	0
165.7	97.0	25.5	0.0	0
165.8	83.6	14.7	0.0	0
165.9	57.2	0.5	0.0	0
166.0	49.2	0.4	0.0	0
166.1	48.4	0.6	0.0	0
166.2	45.8	-0.6	0.0	0
166.2	47.2	0.5	0.0	0
166.3	47.6	0.2	0.0	0
166.4	47.8	0.4	0.0	0
166.5	48.0	0.3	0.0	0
166.6	47.8	0.3	0.0	0
166.6	48.4	0.3	0.0	0
166.7	47.7	0.3	0.0	0
166.8	47.7	0.3	0.0	0
166.9	47.5	0.4	0.0	0
167.0	47.9	0.3	0.0	0
167.1	47.1	0.3	0.0	0
167.1	47.7	0.3	0.0	0
167.2	47.3	0.3	0.0	0
167.3	47.4	0.2	0.0	0
167.4	47.7	0.0	0.0	0
167.5	47.3	0.1	0.0	0
167.5	47.2	0.3	0.0	0
167.6	46.7	-0.3	0.0	0
167.7	45.3	-1.4	0.0	0
167.8	46.7	0.1	0.0	0
167.9	45.7	-1.0	0.0	0
167.9	45.3	-0.9	0.0	0
168.0	50.9	4.2	0.0	0
168.1	60.7	10.3	0.0	0
168.2	69.2	12.6	0.0	0
168.3	76.0	16.2	0.0	0
168.4	88.8	24.6	0.0	0
168.4	95.7	26.2	0.0	1
168.5	99.4	27.9	0.0	0
168.6	96.5	23.3	0.0	0
168.7	92.8	22.4	0.0	0
168.7	93.4	24.5	0.0	0
168.8	96.3	26.1	0.0	0
168.9	99.3	28.3	0.0	0
169.0	102.3	28.8	0.0	0
169.0	104.3	30.3	0.0	0
169.1	105.9	30.5	0.0	0
169.2	104.3	28.8	0.0	0
169.2	104.7	30.3	0.0	0
169.3	105.5	29.7	0.0	0
169.4	102.4	27.8	0.0	0
169.5	103.4	29.9	0.0	0
169.5	101.8	27.6	0.0	0
169.6	100.7	27.4	0.0	0
169.7	102.9	29.4	0.0	0
169.8	102.9	28.8	0.0	0
169.9	102.1	27.9	0.0	0
170.0	101.2	28.1	0.0	0
170.0	102.3	29.1	0.0	0
170.1	102.7	28.5	0.0	0
170.2	101.2	27.9	0.0	0
170.3	100.4	27.4	0.0	0
170.4	101.6	28.5	0.0	0
170.4	101.1	27.7	0.0	0
170.5	99.8	27.3	0.0	0
170.6	99.5	27.4	0.0	0
170.7	99.7	27.8	0.0	0
170.8	101.4	29.0	0.0	0
170.9	107.2	32.9	0.0	0
170.9	113.3	35.6	0.0	0
171.0	115.3	35.7	0.0	0
171.1	113.3	33.5	0.0	0
171.2	108.8	30.1	0.0	0
171.3	108.5	32.6	0.0	0
171.3	111.9	34.1	0.0	0
171.4	115.9	36.6	0.0	0
171.5	126.0	43.9	0.0	0
171.6	132.5	46.8	0.0	0
171.7	134.8	51.8	0.0	0
171.7	134.9	55.6	0.0	0
171.8	135.4	65.3	0.0	0
171.9	135.1	68.8	0.0	0
172.0	134.9	68.4	0.0	0
172.1	133.2	44.1	0.0	0
172.2	115.7	9.3	0.0	0
172.2	66.1	-0.4	0.0	0
172.3	47.3	0.2	0.0	0
172.4	47.3	0.3	0.0	0
172.5	47.7	0.4	0.0	0
172.6	47.1	0.5	0.0	0
172.6	47.6	0.3	0.0	0
172.7	47.8	0.4	0.0	0
172.8	47.8	0.5	0.0	0
172.9	47.4	0.2	0.0	0
173.0	47.7	0.4	0.0	0
173.1	47.4	0.4	0.0	0
173.1	47.1	0.5	0.0	0
173.2	47.2	0.4	0.0	0
173.3	47.2	0.4	0.0	0
173.4	47.5	0.4	0.0	0
173.5	47.6	0.3	0.0	0
173.5	47.6	0.3	0.0	0
173.6	47.5	0.3	0.0	0
173.7	47.9	0.4	0.0	0
173.8	48.4	0.5	0.0	0
173.9	47.7	0.4	0.0	0
174.0	47.8	0.5	0.0	0
174.0	47.5	0.4	0.0	0
174.1	48.1	0.4	0.0	0
174.2	47.5	0.5	0.0	0
174.3	47.9	0.2	0.0	0
174.4	48.2	0.4	0.0	0
174.4	47.5	0.4	0.0	0
174.5	47.9	0.4	0.0	0
174.6	48.1	0.4	0.0	0
174.7	47.8	0.3	0.0	0
174.8	48.7	0.6	0.0	0
174.8	47.6	0.4	0.0	0
174.9	47.9	0.2	0.0	0
175.0	48.0	0.4	0.0	0
175.1	47.4	0.2	0.0	0
175.2	48.4	0.4	0.0	0
175.3	47.9	0.4	0.0	0
175.3	47.8	0.3	0.0	0
175.4	47.7	0.3	0.0	0
175.5	47.7	0.2	0.0	0
175.6	47.4	0.2	0.0	0
175.7	47.9	0.4	0.0	0
175.7	47.5	0.5	0.0	0
175.8	47.7	0.3	0.0	0
175.9	47.8	0.4	0.0	0
176.0	47.7	0.4	0.0	0
176.1	47.8	0.4	0.0	0
176.1	48.0	0.5	0.0	0
176.2	48.3	0.5	0.0	0
176.3	47.8	0.4	0.0	0
176.4	47.9	0.4	0.0	0
176.5	47.8	0.3	0.0	0
176.6	47.5	0.4	0.0	0
176.6	47.8	0.2	0.0	0
176.7	48.1	0.4	0.0	0
176.8	47.8	0.4	0.0	0
176.9	48.0	0.5	0.0	0
177.0	47.8	0.3	0.0	0
177.0	47.4	0.4	0.0	0
177.1	47.5	0.4	0.0	0
177.2	47.8	0.4	0.0	0
177.3	47.9	0.3	0.0	0
177.4	47.8	0.2	0.0	0
177.4	48.3	0.5	0.0	0
177.5	48.2	0.5	0.0	0
177.6	47.4	0.5	0.0	0
177.7	47.6	0.3	0.0	0
177.8	48.4	0.5	0.0	0
177.8	47.4	0.2	0.0	0
177.9	47.4	0.4	0.0	0
178.0	47.9	0.4	0.0	0
178.1	47.8	0.5	0.0	0
178.2	47.6	0.5	0.0	0
178.3	47.8	0.3	0.0	0
178.3	47.9	0.3	0.0	0
178.4	48.0	0.2	0.0	0
178.5	47.7	0.5	0.0	0
178.6	47.7	0.4	0.0	0
178.7	47.9	0.5	0.0	0
178.7	47.7	0.4	0.0	0
178.8	47.7	0.3	0.0	0
178.9	47.3	0.5	0.0	0
179.0	47.7	0.3	0.0	0
179.1	47.9	0.3	0.0	0
179.1	47.9	0.2	0.0	0
179.2	48.2	0.6	0.0	0
179.3	47.8	0.5	0.0	0
179.4	47.2	0.3	0.0	0
179.5	47.2	0.1	0.0	0
179.5	47.8	0.4	0.0	0
179.6	47.3	0.4	0.0	0
179.7	47.2	0.4	0.0	0
179.8	47.5	0.4	0.0	0
179.9	47.9	0.3	0.0	0
180.0	47.7	0.5	0.0	0
180.0	46.9	0.5	0.0	0
180.1	47.0	0.1	0.0	0
180.2	47.0	0.1	0.0	0
180.3	47.5	0.3	0.0	0
180.4	47.8	0.4	0.0	0
180.4	47.5	0.4	0.0	0
180.5	47.2	0.5	0.0	0
180.6	47.5	0.4	0.0	0
180.7	47.5	0.5	0.0	0
180.8	47.1	0.2	0.0	0
180.8	46.6	0.1	0.0	0
180.9	47.6	0.3	0.0	0
181.0	47.8	0.3	0.0	0
181.1	48.0	0.3	0.0	0
181.2	46.9	0.4	0.0	0
181.2	47.5	0.3	0.0	0
181.3	46.9	0.1	0.0	0
181.4	47.1	0.4	0.0	0
181.5	47.1	0.0	0.0	0
181.6	48.0	0.2	0.0	0
181.7	48.0	0.4	0.0	0
181.7	47.0	0.1	0.0	0
181.8	47.1	0.2	0.0	0
181.9	47.6	0.3	0.0	0
182.0	47.1	0.4	0.0	0
182.1	47.1	0.2	0.0	0
182.1	47.0	0.1	0.0	0
182.2	47.6	0.3	0.0	0
182.3	47.2	0.3	0.0	0
182.4	47.6	0.5	0.0	0
182.5	46.9	0.2	0.0	0
182.5	47.2	0.2	0.0	0
182.6	47.5	0.3	0.0	0
182.7	47.5	0.4	0.0	0
182.8	47.1	0.2	0.0	0
182.9	46.3	0.3	0.0	0
183.0	46.1	0.0	0.0	0
183.0	47.5	0.5	0.0	0
183.1	47.8	0.4	0.0	0
183.2	46.9	0.2	0.0	0
183.3	47.2	0.3	0.0	0
183.4	47.4	0.1	0.0	0
183.4	47.4	0.4	0.0	0
183.5	47.7	0.4	0.0	0
183.6	47.5	0.5	0.0	0
183.7	47.4	0.4	0.0	0
183.8	47.3	0.5	0.0	0
183.8	47.5	0.3	0.0	0
183.9	47.6	0.4	0.0	0
184.0	47.0	0.4	0.0	0
184.1	47.7	0.3	0.0	0
184.2	47.4	-0.0	0.0	0
184.2	47.3	0.5	0.0	0
184.3	47.7	0.3	0.0	0
184.4	46.9	-0.1	0.0	0
184.5	46.0	-1.3	0.0	0
184.6	45.6	-0.1	0.0	0
184.7	47.3	0.3	0.0	0
184.7	47.7	0.2	0.0	0
184.8	46.9	0.1	0.0	0
184.9	46.4	-0.3	0.0	0
185.0	46.1	-0.3	0.0	0
185.1	47.2	0.0	0.0	0
185.1	47.1	0.2	0.0	0
185.2	47.1	-0.1	0.0	0
185.3	46.7	0.2	0.0	0
185.4	47.1	0.3	0.0	0
185.5	47.4	0.4	0.0	0
185.5	47.3	0.3	0.0	0
185.6	47.2	-0.3	0.0	0
185.7	46.2	-1.3	0.0	0
185.8	45.7	-0.9	0.0	0
185.9	45.9	-0.0	0.0	0
186.0	57.9	8.6	0.0	0
186.0	67.6	14.1	0.0	0
186.1	79.2	20.4	0.0	0
186.2	100.6	42.9	0.0	0
186.3	131.1	46.8	0.0	0
186.4	131.4	43.1	0.0	0
186.4	108.4	25.4	0.0	0
186.5	77.2	6.5	0.0	0
186.6	55.9	1.5	0.0	0
186.7	49.5	0.3	0.0	0
186.8	47.5	0.5	0.0	0
186.8	47.8	0.4	0.0	0
186.9	47.5	0.5	0.0	0
187.0	47.4	0.3	0.0	0
187.1	47.7	0.2	0.0	0
187.2	47.2	0.3	0.0	0
187.3	47.8	0.3	0.0	0
187.3	47.7	0.5	0.0	0
187.4	47.3	-0.0	0.0	0
187.5	48.9	1.6	0.0	0
187.6	54.4	5.0	0.0	0
187.7	52.2	1.3	0.0	0
187.7	48.8	-0.3	0.0	0
187.8	47.7	0.3	0.0	0
187.9	47.8	0.2	0.0	0
188.0	48.5	0.3	0.0	0
188.1	47.6	0.2	0.0	0
188.1	47.4	0.2	0.0	0
188.2	47.6	0.1	0.0	0
188.3	46.8	0.2	0.0	0
188.4	46.9	0.1	0.0	0
188.5	47.6	0.2	0.0	0
188.6	47.1	0.2	0.0	0
188.6	47.1	0.2	0.0	0
188.7	47.2	0.3	0.0	0
188.8	47.2	0.1	0.0	0
188.9	47.4	0.2	0.0	0
189.0	46.3	0.2	0.0	0
189.0	47.3	0.2	0.0	0
189.1	47.5	0.3	0.0	0
189.2	47.1	0.1	0.0	0
189.3	46.7	0.1	0.0	0
189.4	47.0	-0.0	0.0	0
189.4	45.6	-1.2	0.0	0
189.5	56.6	9.6	0.0	0
189.6	75.2	18.1	0.0	0
189.7	85.8	21.9	0.0	0
189.8	92.4	24.8	0.0	1
189.9	101.0	30.9	0.0	0
189.9	108.3	33.4	0.0	0
190.0	111.7	33.9	0.0	0
190.1	99.4	10.6	0.0	0
190.1	76.5	18.1	0.0	0
190.2	62.0	0.8	0.0	0
190.3	49.1	0.2	0.0	0
190.4	47.7	0.3	0.0	0
190.4	47.1	0.5	0.0	0
190.5	47.1	0.3	0.0	0
190.6	47.7	0.4	0.0	0
190.6	47.8	0.4	0.0	0
190.7	47.3	0.4	0.0	0
190.8	47.6	0.4	0.0	0
190.9	47.4	0.4	0.0	0
191.0	47.9	0.5	0.0	0
191.0	47.5	0.3	0.0	0
191.1	48.0	0.4	0.0	0
191.2	49.3	1.9	0.0	0
191.3	47.9	-0.1	0.0	0
191.4	46.7	-0.1	0.0	0
191.4	46.5	-0.2	0.0	0
191.5	46.7	-0.1	0.0	0
191.6	46.6	-0.1	0.0	0
191.7	47.4	-0.1	0.0	0
191.8	47.4	-0.1	0.0	0
191.8	47.0	-0.2	0.0	0
191.9	46.1	-0.1	0.0	0
192.0	45.6	-0.1	0.0	0
192.1	47.4	-0.0	0.0	0
192.2	46.9	-0.3	0.0	0
192.3	46.6	-0.2	0.0	0
192.3	46.6	-0.2	0.0	0
192.4	46.8	-0.1	0.0	0
192.5	47.7	-0.0	0.0	0
192.6	46.4	-0.2	0.0	0
192.7	46.9	-0.1	0.0	0
192.7	46.4	-0.1	0.0	0
192.8	46.5	-0.2	0.0	0
192.9	46.6	-0.1	0.0	0
193.0	45.8	-0.2	0.0	0
193.1	46.6	-0.2	0.0	0
193.1	46.1	-0.1	0.0	0
193.2	46.5	-0.1	0.0	0
193.3	46.4	-0.1	0.0	0
193.4	46.5	-0.1	0.0	0
193.5	46.8	-0.1	0.0	0
193.6	46.9	-0.1	0.0	0
193.6	46.6	-0.1	0.0	0
193.7	46.8	-0.2	0.0	0
193.8	46.6	-0.1	0.0	0
193.9	46.7	-0.1	0.0	0
194.0	46.8	-0.0	0.0	0
194.0	47.2	-0.0	0.0	0
194.1	47.2	-0.0	0.0	0
194.2	46.9	-0.1	0.0	0
194.3	47.8	-0.1	0.0	0
194.4	47.6	-0.2	0.0	0
194.5	47.6	-0.1	0.0	0
194.5	46.8	-0.0	0.0	0
194.6	47.2	-0.1	0.0	0
194.7	46.9	-0.1	0.0	0
194.8	47.3	-0.1	0.0	0
194.9	46.8	-0.2	0.0	0
194.9	46.7	-0.1	0.0	0
195.0	46.7	-0.2	0.0	0
195.1	46.5	-0.2	0.0	0
195.2	46.5	-0.1	0.0	0
195.3	47.4	-0.1	0.0	0
195.3	47.2	-0.1	0.0	0
195.4	46.3	-0.1	0.0	0
195.5	47.3	-0.1	0.0	0
195.6	46.8	-0.1	0.0	0
195.7	47.1	0.0	0.0	0
195.8	46.8	-0.2	0.0	0
195.8	46.4	-0.3	0.0	0
195.9	47.1	-0.2	0.0	0
196.0	46.9	-0.2	0.0	0
196.1	55.3	9.1	0.0	0
196.2	75.8	28.5	0.0	0
196.2	79.4	2.1	0.0	1
196.3	51.6	0.1	0.0	0
196.4	48.5	0.3	0.0	0
196.5	48.0	0.3	0.0	0
196.5	47.5	0.5	0.0	0
196.6	47.5	0.3	0.0	0
196.7	48.4	0.5	0.0	0
196.8	47.6	0.5	0.0	0
196.8	47.3	0.4	0.0	0
196.9	48.3	0.3	0.0	0
197.0	48.1	0.3	0.0	0
197.1	47.0	0.2	0.0	0
197.1	47.6	0.2	0.0	0
197.2	47.4	0.2	0.0	0
197.3	47.5	0.3	0.0	0
197.3	47.8	0.2	0.0	0
197.4	47.2	0.2	0.0	0
197.5	48.9	1.6	0.0	0
197.6	51.2	2.8	0.0	0
197.7	62.6	12.5	0.0	0
197.8	84.9	24.1	0.0	0
197.8	104.8	33.1	0.0	1
197.9	115.1	39.0	0.0	0
198.0	123.6	43.5	0.0	0
198.1	130.4	44.1	0.0	0
198.1	132.0	43.9	0.0	0
198.2	131.7	44.7	0.0	0
198.3	132.3	43.9	0.0	0
198.4	129.3	42.3	0.0	0
198.4	129.4	43.9	0.0	0
198.5	131.4	44.3	0.0	0
198.6	134.2	46.8	0.0	0
198.6	130.0	39.8	0.0	0
198.7	126.0	41.4	0.0	0
198.8	123.1	37.6	0.0	0
198.9	116.6	34.8	0.0	0
198.9	96.2	9.7	0.0	0
199.0	65.3	7.8	0.0	0
199.1	52.5	0.3	0.0	0
199.2	48.3	0.3	0.0	0
199.3	46.9	0.3	0.0	0
199.4	47.3	0.3	0.0	0
199.4	47.0	-0.0	0.0	0
199.5	46.8	0.2	0.0	0
199.6	47.6	0.3	0.0	0
199.7	47.7	0.3	0.0	0
199.8	47.0	0.2	0.0	0
199.8	46.7	0.3	0.0	0
199.9	47.5	0.3	0.0	0
200.0	46.7	0.2	0.0	0
200.1	47.3	0.2	0.0	0
200.2	47.4	0.2	0.0	0
200.2	47.5	0.1	0.0	0
200.3	47.3	0.2	0.0	0
200.4	46.8	0.1	0.0	0
200.5	47.6	0.3	0.0	0
200.6	46.8	0.2	0.0	0
200.7	47.1	0.1	0.0	0
200.7	47.5	0.2	0.0	0
200.8	47.5	0.1	0.0	0
200.9	47.5	0.1	0.0	0
201.0	47.7	0.1	0.0	0
201.1	47.5	0.1	0.0	0
201.1	48.0	0.2	0.0	0
201.2	47.5	0.1	0.0	0
201.3	46.8	0.2	0.0	0
201.4	47.8	0.3	0.0	0
201.5	47.0	0.1	0.0	0
201.6	47.2	-0.0	0.0	0
201.6	46.2	-1.3	0.0	0
201.7	46.2	-0.5	0.0	0
201.8	47.7	0.6	0.0	0
201.9	46.6	-1.2	0.0	0
202.0	45.1	-1.6	0.0	0
202.0	46.2	0.1	0.0	0
202.1	45.6	-1.5	0.0	0
202.2	44.8	-1.5	0.0	0
202.3	44.8	-1.5	0.0	0
202.4	45.0	-1.4	0.0	0
202.4	51.0	4.4	0.0	0
202.5	59.3	7.9	0.0	0
202.6	61.9	7.7	0.0	0
202.7	74.8	19.6	0.0	0
202.8	92.3	27.8	0.0	0
202.9	109.9	36.7	0.0	0
202.9	118.1	38.5	0.0	0
203.0	119.5	37.7	0.0	0
203.1	117.1	35.4	0.0	0
203.2	103.8	23.6	0.0	0
203.3	105.0	34.8	0.0	0
203.3	112.3	34.8	0.0	0
203.4	115.2	35.2	0.0	0
203.5	116.9	36.5	0.0	0
203.6	112.4	31.1	0.0	0
203.7	115.3	39.1	0.0	0
203.8	126.0	43.0	0.0	0
203.8	130.5	44.1	0.0	0
203.9	130.1	43.0	0.0	0
204.0	108.5	24.8	0.0	0
204.1	109.8	42.3	0.0	0
204.2	131.1	47.9	0.0	0
204.2	134.4	49.6	0.0	0
204.3	134.8	50.7	0.0	0
204.4	115.9	22.5	0.0	0
204.5	72.1	3.2	0.0	0
204.6	52.6	1.6	0.0	0
204.6	49.1	0.2	0.0	0
204.7	48.9	0.8	0.0	0
204.8	48.3	0.5	0.0	0
204.9	47.5	0.4	0.0	0
205.0	47.2	0.1	0.0	0
205.1	48.2	1.8	0.0	0
205.1	53.4	4.3	0.0	0
205.2	49.7	0.3	0.0	0
205.3	47.9	0.3	0.0	0
205.4	47.1	-0.1	0.0	0
205.5	47.8	0.1	0.0	0
205.5	47.9	0.2	0.0	0
205.6	46.2	-0.8	0.0	0
205.7	45.6	-0.4	0.0	0
205.8	46.1	-0.3	0.0	0
205.9	46.0	-0.6	0.0	0
206.0	46.8	0.1	0.0	0
206.0	46.6	0.1	0.0	0
206.1	54.3	6.8	0.0	0
206.2	66.2	13.9	0.0	0
206.3	89.6	33.9	0.0	0
206.4	127.3	48.9	0.0	0
206.4	133.8	55.9	0.0	0
206.5	134.6	49.7	0.0	0
206.6	134.4	50.2	0.0	0
206.7	118.6	17.1	0.0	0
206.8	80.4	15.4	0.0	0
206.8	72.6	11.9	0.0	0
206.9	76.3	15.9	0.0	0
207.0	80.8	18.3	0.0	0
207.1	80.1	17.1	0.0	0
207.2	84.3	21.0	0.0	0
207.3	90.8	23.6	0.0	0
207.3	93.7	24.2	0.0	1
207.4	94.2	24.8	0.0	0
207.5	95.4	25.4	0.0	0
207.6	95.3	24.7	0.0	0
207.6	91.5	21.9	0.0	0
207.7	84.8	17.6	0.0	0
207.8	80.2	16.3	0.0	0
207.9	78.0	16.1	0.0	0
207.9	78.4	16.7	0.0	0
208.0	77.8	16.1	0.0	0
208.1	78.8	16.8	0.0	0
208.1	82.9	20.5	0.0	0
208.2	86.0	20.7	0.0	0
208.3	87.4	22.1	0.0	0
208.4	89.5	22.6	0.0	1
208.5	91.4	23.2	0.0	0
208.5	91.3	22.8	0.0	0
208.6	90.2	22.4	0.0	0
208.7	90.7	22.6	0.0	0
208.7	89.9	22.4	0.0	0
208.8	90.2	22.5	0.0	0
208.9	88.4	19.5	0.0	0
209.0	71.7	0.6	0.0	0
209.0	51.1	0.9	0.0	0
209.1	49.0	0.7	0.0	0
209.2	48.5	0.8	0.0	0
209.2	48.0	0.7	0.0	0
209.3	47.1	0.3	0.0	0
209.4	48.0	0.4	0.0	0
209.5	47.8	0.4	0.0	0
209.6	48.0	0.4	0.0	0
209.6	47.2	0.4	0.0	0
209.7	47.4	0.4	0.0	0
209.8	47.5	0.5	0.0	0
209.9	48.3	0.6	0.0	0
210.0	47.8	0.4	0.0	0
210.0	47.7	0.6	0.0	0
210.1	50.5	2.5	0.0	0
210.2	49.3	0.4	0.0	0
210.3	55.3	6.3	0.0	0
210.4	80.5	25.5	0.0	0
210.5	110.7	38.1	0.0	1
210.5	127.1	48.3	0.0	0
210.6	133.9	47.2	0.0	0
210.7	134.2	45.0	0.0	0
210.8	133.0	45.1	0.0	0
210.8	131.1	42.7	0.0	0
210.9	122.9	29.6	0.0	0
211.0	94.4	15.3	0.0	0
211.0	78.2	14.8	0.0	0
211.1	68.3	0.7	0.0	0
211.2	50.9	0.4	0.0	0
211.3	47.7	0.3	0.0	0
211.3	46.0	-0.7	0.0	0
211.4	47.4	0.3	0.0	0
211.5	47.5	0.3	0.0	0
211.6	46.8	0.2	0.0	0
211.6	47.1	0.2	0.0	0
211.7	47.9	0.4	0.0	0
211.8	48.4	0.3	0.0	0
211.9	48.1	0.3	0.0	0
212.0	47.8	0.1	0.0	0
212.0	46.8	-0.8	0.0	0
212.1	45.1	-1.4	0.0	0
212.2	45.0	-1.5	0.0	0
212.3	45.9	-0.8	0.0	0
212.4	46.7	-0.2	0.0	0
212.4	46.1	-1.6	0.0	0
212.5	50.7	4.1	0.0	0
212.6	49.9	0.3	0.0	0
212.7	46.7	-0.7	0.0	0
212.8	52.6	5.7	0.0	0
212.8	60.8	8.9	0.0	0
212.9	67.7	12.0	0.0	0
213.0	71.7	13.0	0.0	0
213.1	74.0	14.4	0.0	0
213.2	75.8	15.1	0.0	0
213.3	72.4	11.6	0.0	0
213.3	82.7	23.2	0.0	0
213.4	98.6	29.7	0.0	1
213.5	97.1	19.8	0.0	0
213.6	75.4	9.2	0.0	0
213.6	75.9	20.9	0.0	0
213.7	79.6	12.6	0.0	0
213.8	80.1	20.3	0.0	0
213.9	86.4	21.4	0.0	0
213.9	89.9	23.5	0.0	0
214.0	92.8	23.5	0.0	0
214.1	95.6	26.0	0.0	0
214.1	96.5	24.9	0.0	0
214.2	95.1	24.3	0.0	0
214.3	96.7	26.6	0.0	0
214.4	97.7	26.2	0.0	0
214.4	99.3	27.7	0.0	0
214.5	99.2	26.8	0.0	0
214.6	100.9	27.9	0.0	0
214.7	102.1	28.7	0.0	0
214.8	101.6	27.8	0.0	0
214.8	101.5	28.0	0.0	0
214.9	102.6	29.1	0.0	0
215.0	102.9	28.8	0.0	0
215.1	103.0	28.4	0.0	0
215.2	105.4	31.0	0.0	0
215.2	107.2	31.5	0.0	0
215.3	109.8	32.7	0.0	0
215.4	110.7	33.6	0.0	0
215.5	110.8	32.4	0.0	0
215.6	111.4	33.3	0.0	0
215.6	92.0	-0.2	0.0	0
215.7	51.8	0.4	0.0	0
215.8	48.5	0.4	0.0	0
215.9	47.7	0.5	0.0	0
216.0	47.1	0.5	0.0	0
216.1	47.5	0.4	0.0	0
216.1	47.2	0.5	0.0	0
216.2	47.0	0.4	0.0	0
216.3	47.8	0.4	0.0	0
216.4	48.4	0.6	0.0	0
216.5	48.0	0.4	0.0	0
216.5	47.5	0.3	0.0	0
216.6	47.8	0.7	0.0	0
216.7	47.7	0.5	0.0	0
216.8	56.3	7.7	0.0	0
216.9	61.7	8.2	0.0	0
216.9	69.4	12.7	0.0	0
217.0	80.2	22.5	0.0	0
217.1	84.8	18.8	0.0	0
217.2	85.5	20.6	0.0	0
217.3	87.5	21.5	0.0	0
217.3	87.4	20.6	0.0	1
217.4	84.0	17.6	0.0	0
217.5	83.6	19.1	0.0	0
217.6	83.1	18.3	0.0	0
217.6	80.9	16.0	0.0	0
217.7	82.8	20.0	0.0	0
217.8	94.2	29.5	0.0	0
217.9	111.4	39.5	0.0	0
217.9	126.4	43.5	0.0	0
218.0	125.8	40.2	0.0	0
218.1	122.9	38.4	0.0	0
218.2	105.4	7.3	0.0	0
218.2	77.7	20.3	0.0	0
218.3	81.0	16.6	0.0	0
218.4	57.7	-0.4	0.0	0
218.4	48.4	0.5	0.0	0
218.5	47.9	0.4	0.0	0
218.6	47.9	0.3	0.0	0
218.7	48.0	0.3	0.0	0
218.8	45.8	-1.2	0.0	0
218.9	44.1	-1.3	0.0	0
218.9	50.7	4.1	0.0	0
219.0	49.0	0.2	0.0	0
219.1	47.2	0.2	0.0	0
219.2	46.2	-0.5	0.0	0
219.3	46.5	0.1	0.0	0
219.3	47.1	0.1	0.0	0
219.4	47.0	0.2	0.0	0
219.5	52.5	4.7	0.0	0
219.6	65.5	13.1	0.0	0
219.7	72.0	14.0	0.0	0
219.7	65.2	5.2	0.0	0
219.8	51.6	-1.0	0.0	0
219.9	47.4	-0.3	0.0	0
220.0	46.2	-0.6	0.0	0
220.1	56.4	8.1	0.0	0
220.1	71.7	19.2	0.0	0
220.2	83.5	20.5	0.0	0
220.3	72.0	2.7	0.0	0
220.4	53.1	1.5	0.0	0
220.5	55.3	5.0	0.0	0
220.6	51.8	1.2	0.0	0
220.6	49.0	0.3	0.0	0
220.7	49.6	2.1	0.0	0
220.8	47.2	-1.0	0.0	0
220.9	45.1	-2.1	0.0	0
221.0	49.4	2.9	0.0	0
221.0	51.9	3.0	0.0	0
221.1	50.6	1.2	0.0	0
221.2	54.1	4.2	0.0	0
221.3	60.2	9.3	0.0	0
221.4	64.0	9.4	0.0	0
221.4	69.7	13.0	0.0	0
221.5	76.1	16.2	0.0	0
221.6	72.4	12.0	0.0	0
221.7	69.4	11.4	0.0	0
221.8	68.5	11.2	0.0	0
221.9	65.6	9.6	0.0	0
221.9	68.6	13.1	0.0	0
222.0	75.7	16.3	0.0	0
222.1	84.0	21.8	0.0	0
222.2	107.9	35.6	0.0	1
222.3	105.8	7.0	0.0	0
222.3	77.3	15.7	0.0	0
222.4	78.4	17.2	0.0	0
222.5	79.6	16.3	0.0	0
222.6	77.0	14.8	0.0	0
222.6	77.2	15.9	0.0	0
222.7	76.1	13.4	0.0	0
222.8	73.2	13.4	0.0	0
222.8	74.5	15.1	0.0	0
222.9	79.0	18.8	0.0	0
223.0	86.4	22.4	0.0	0
223.1	94.6	28.1	0.0	0
223.1	100.7	29.1	0.0	0
223.2	101.4	27.9	0.0	0
223.3	104.4	31.6	0.0	0
223.4	107.9	31.7	0.0	0
223.4	108.2	31.3	0.0	0
223.5	108.4	31.7	0.0	0
223.6	108.7	31.7	0.0	0
223.7	103.7	28.3	0.0	0
223.8	101.4	28.0	0.0	0
223.8	93.6	19.7	0.0	0
223.9	74.9	10.1	0.0	1
224.0	58.7	1.3	0.0	0
224.1	49.7	0.2	0.0	0
224.2	47.6	0.3	0.0	0
224.2	49.4	1.7	0.0	0
224.3	48.3	0.2	0.0	0
224.4	47.5	0.2	0.0	0
224.4	47.8	0.3	0.0	0
224.5	47.4	0.3	0.0	0
224.6	47.7	0.2	0.0	0
224.7	47.7	0.2	0.0	0
224.7	47.8	0.4	0.0	0
224.8	47.2	0.2	0.0	0
224.9	47.6	0.2	0.0	0
224.9	47.6	0.4	0.0	0
225.0	47.5	0.2	0.0	0
225.1	47.5	0.3	0.0	0
225.2	47.0	0.2	0.0	0
225.3	47.5	0.2	0.0	0
225.4	47.3	0.2	0.0	0
225.4	47.6	0.3	0.0	0
225.5	47.6	0.3	0.0	0
225.6	46.9	0.3	0.0	0
225.7	47.5	0.2	0.0	0
225.8	47.4	0.2	0.0	0
225.8	47.6	0.3	0.0	0
225.9	48.0	0.2	0.0	0
226.0	48.0	0.2	0.0	0
226.1	47.9	0.2	0.0	0
226.2	47.4	0.4	0.0	0
226.2	48.0	0.3	0.0	0
226.3	47.5	0.3	0.0	0
226.4	47.5	0.2	0.0	0
226.5	47.4	0.1	0.0	0
226.6	47.5	0.3	0.0	0
226.7	47.8	0.2	0.0	0
226.7	47.2	0.3	0.0	0
226.8	47.6	0.2	0.0	0
226.9	47.6	0.3	0.0	0
227.0	47.4	0.3	0.0	0
227.1	47.0	0.2	0.0	0
227.1	47.8	0.2	0.0	0
227.2	47.8	0.3	0.0	0
227.3	47.8	0.2	0.0	0
227.4	47.6	0.3	0.0	0
227.5	47.8	0.3	0.0	0
227.5	47.7	0.3	0.0	0
227.6	47.6	0.2	0.0	0
227.7	47.2	0.2	0.0	0
227.8	47.4	0.2	0.0	0
227.9	47.6	0.2	0.0	0
228.0	48.0	0.3	0.0	0
228.0	47.5	0.3	0.0	0
228.1	47.4	0.3	0.0	0
228.2	47.7	0.4	0.0	0
228.3	47.6	0.3	0.0	0
228.4	46.9	0.2	0.0	0
228.4	47.8	0.2	0.0	0
228.5	47.9	0.2	0.0	0
228.6	47.5	0.3	0.0	0
228.7	47.2	0.2	0.0	0
228.8	47.4	0.3	0.0	0
228.8	47.4	0.3	0.0	0
228.9	47.6	0.3	0.0	0
229.0	47.1	0.2	0.0	0
229.1	48.0	0.2	0.0	0
229.2	47.4	0.3	0.0	0
229.3	47.3	0.2	0.0	0
229.3	47.8	0.3	0.0	0
229.4	47.6	0.2	0.0	0
229.5	47.8	0.3	0.0	0
229.6	47.4	0.2	0.0	0
229.7	47.2	0.3	0.0	0
229.7	47.9	0.2	0.0	0
229.8	46.9	0.2	0.0	0
229.9	48.0	0.3	0.0	0
230.0	47.7	0.3	0.0	0
230.1	47.6	0.4	0.0	0
230.1	47.5	0.3	0.0	0
230.2	47.7	0.2	0.0	0
230.3	47.9	0.2	0.0	0
230.4	48.0	0.2	0.0	0
230.5	47.8	0.2	0.0	0
230.6	47.9	0.3	0.0	0
230.6	47.9	0.3	0.0	0
230.7	48.3	0.3	0.0	0
230.8	48.0	0.3	0.0	0
230.9	47.9	0.2	0.0	0
231.0	47.0	0.2	0.0	0
231.0	47.5	0.2	0.0	0
231.1	47.5	0.2	0.0	0
231.2	47.9	0.2	0.0	0
231.3	48.0	0.3	0.0	0
231.4	48.0	0.3	0.0	0
231.4	47.8	0.3	0.0	0
231.5	47.6	0.3	0.0	0
231.6	47.0	0.1	0.0	0
231.7	47.1	0.1	0.0	0
231.8	46.6	0.2	0.0	0
231.9	48.1	0.2	0.0	0
231.9	47.4	0.3	0.0	0
232.0	47.7	0.2	0.0	0
232.1	47.6	0.2	0.0	0
232.2	47.0	0.3	0.0	0
232.3	47.9	0.3	0.0	0
232.3	48.1	0.3	0.0	0
232.4	47.7	0.3	0.0	0
232.5	48.1	0.3	0.0	0
232.6	47.2	0.1	0.0	0
232.7	47.3	0.3	0.0	0
232.7	47.9	0.3	0.0	0
232.8	47.1	0.3	0.0	0
232.9	47.1	0.2	0.0	0
233.0	47.7	0.3	0.0	0
233.1	47.3	0.2	0.0	0
233.2	47.5	0.2	0.0	0
233.2	47.6	0.2	0.0	0
233.3	47.1	0.2	0.0	0
233.4	47.7	0.3	0.0	0
233.5	47.7	0.3	0.0	0
233.6	47.1	0.2	0.0	0
233.6	47.4	0.3	0.0	0
233.7	62.9	18.2	0.0	0
233.8	97.4	76.5	0.0	0
233.9	132.0	77.9	0.0	0
234.0	111.1	24.0	0.0	0
234.1	99.0	27.9	0.0	0
234.1	101.2	28.2	0.0	0
234.2	90.7	18.9	0.0	0
234.3	60.2	-0.2	0.0	1
234.4	53.0	6.1	0.0	0
234.5	74.0	20.5	0.0	0
234.5	97.9	34.4	0.0	0
234.6	114.1	36.8	0.0	0
234.7	123.3	42.1	0.0	0
234.7	113.8	23.5	0.0	0
234.8	88.2	17.4	0.0	0
234.9	81.0	16.8	0.0	0
235.0	92.8	32.6	0.0	0
235.0	103.9	28.9	0.0	0
235.1	104.4	30.4	0.0	0
235.2	109.8	33.9	0.0	0
235.2	114.2	35.6	0.0	0
235.3	118.1	38.1	0.0	0
235.4	119.7	37.9	0.0	0
235.5	121.9	39.5	0.0	0
235.6	103.1	18.5	0.0	0
235.6	71.7	10.0	0.0	1
235.7	74.3	19.2	0.0	0
235.8	63.7	0.8	0.0	0
235.9	57.5	8.2	0.0	0
236.0	65.7	12.6	0.0	0
236.0	70.2	11.9	0.0	0
236.1	75.5	17.4	0.0	0
236.2	81.0	18.7	0.0	0
236.2	83.7	19.0	0.0	0
236.3	84.5	19.6	0.0	0
236.4	84.1	19.3	0.0	0
236.5	85.0	20.8	0.0	0
236.5	87.3	21.4	0.0	0
236.6	90.5	23.8	0.0	0
236.7	90.8	22.1	0.0	1
236.8	91.1	22.9	0.0	0
236.8	91.0	23.2	0.0	0
236.9	91.4	22.7	0.0	0
237.0	90.3	22.1	0.0	0
237.0	90.3	22.9	0.0	0
237.1	91.4	22.3	0.0	0
237.2	90.0	22.2	0.0	0
237.3	91.6	23.7	0.0	0
237.3	91.9	22.8	0.0	0
237.4	90.3	22.1	0.0	0
237.5	91.4	23.3	0.0	0
237.6	92.0	23.3	0.0	0
237.6	92.5	23.4	0.0	0
237.7	94.2	24.6	0.0	1
237.8	94.1	24.1	0.0	0
237.9	93.2	23.7	0.0	0
237.9	91.8	23.0	0.0	0
238.0	91.6	23.2	0.0	0
238.1	91.8	23.2	0.0	0
238.1	91.4	23.4	0.0	0
238.2	92.1	23.3	0.0	0
238.3	92.1	23.1	0.0	0
238.4	92.2	23.6	0.0	0
238.4	92.1	23.2	0.0	0
238.5	92.2	23.1	0.0	0
238.6	92.3	23.8	0.0	0
238.7	91.9	23.1	0.0	0
238.7	91.6	22.8	0.0	1
238.8	92.1	23.8	0.0	0
238.9	91.8	23.2	0.0	0
239.0	91.9	23.1	0.0	0
239.0	92.0	23.3	0.0	0
239.1	92.1	23.8	0.0	0
239.2	92.9	23.2	0.0	0
239.2	93.4	24.0	0.0	0
239.3	93.4	23.8	0.0	0
239.4	93.1	23.4	0.0	0
239.5	92.4	23.8	0.0	0
239.5	94.7	25.9	0.0	0
239.6	103.3	32.9	0.0	0
239.7	106.5	31.1	0.0	0
239.7	95.7	20.2	0.0	0
239.8	78.0	13.8	0.0	1
239.9	76.2	15.7	0.0	0
240.0	74.8	13.6	0.0	0
240.1	73.9	14.3	0.0	0
240.1	74.4	14.6	0.0	0
240.2	71.7	11.3	0.0	0
240.3	70.3	12.4	0.0	0
240.4	69.7	11.6	0.0	0
240.4	69.8	12.9	0.0	0
240.5	71.6	13.2	0.0	0
240.6	70.6	12.3	0.0	0
240.6	72.4	14.4	0.0	0
240.7	74.1	14.3	0.0	0
240.8	71.6	12.5	0.0	0
240.9	73.4	14.4	0.0	0
240.9	74.0	14.6	0.0	0
241.0	72.8	13.3	0.0	0
241.1	77.0	16.9	0.0	0
241.2	81.8	20.4	0.0	0
241.3	82.8	18.3	0.0	0
241.3	84.8	20.8	0.0	0
241.4	93.8	27.0	0.0	0
241.5	96.6	26.4	0.0	0
241.6	95.7	24.8	0.0	0
241.7	94.2	24.3	0.0	1
241.8	93.3	24.1	0.0	0
241.8	91.5	21.5	0.0	0
241.9	89.2	22.2	0.0	0
242.0	86.2	19.2	0.0	0
242.1	85.5	20.3	0.0	0
242.1	84.0	18.4	0.0	0
242.2	83.0	19.1	0.0	0
242.3	83.0	18.5	0.0	0
242.3	82.7	19.2	0.0	0
242.4	82.6	18.6	0.0	0
242.5	82.6	18.3	0.0	0
242.6	82.6	18.7	0.0	0
242.6	82.1	18.3	0.0	0
242.7	82.7	18.7	0.0	0
242.8	83.5	18.7	0.0	0
242.9	83.1	18.7	0.0	0
242.9	83.9	19.4	0.0	0
243.0	84.2	19.4	0.0	0
243.1	85.0	19.9	0.0	0
243.2	84.4	19.5	0.0	0
243.3	86.5	21.1	0.0	0
243.4	88.5	22.2	0.0	1
243.4	92.3	24.0	0.0	0
243.5	92.4	23.4	0.0	0
243.6	89.1	20.9	0.0	0
243.7	87.3	21.3	0.0	0
243.7	85.4	19.0	0.0	0
243.8	83.5	18.2	0.0	0
243.9	81.6	17.6	0.0	0
243.9	79.2	16.5	0.0	0
244.0	79.8	17.8	0.0	0
244.1	79.7	17.1	0.0	0
244.2	78.9	16.2	0.0	0
244.2	79.4	17.4	0.0	0
244.3	80.5	17.3	0.0	0
244.4	83.0	19.7	0.0	0
244.5	87.2	21.7	0.0	0
244.5	94.7	26.2	0.0	1
244.6	94.0	23.8	0.0	0
244.7	90.0	19.5	0.0	0
244.8	85.3	19.9	0.0	0
244.8	81.4	16.4	0.0	0
244.9	80.1	17.8	0.0	0
245.0	79.2	16.9	0.0	0
245.1	79.2	17.2	0.0	0
245.1	82.9	20.4	0.0	0
245.2	89.5	24.6	0.0	0
245.3	92.5	23.6	0.0	0
245.4	91.1	21.4	0.0	0
245.4	89.5	22.7	0.0	0
245.5	87.3	20.0	0.0	0
245.6	90.1	23.4	0.0	1
245.7	96.6	28.0	0.0	0
245.7	96.9	24.9	0.0	0
245.8	94.0	24.0	0.0	0
245.9	91.1	22.3	0.0	0
245.9	89.1	21.6	0.0	0
246.0	86.5	20.7	0.0	0
246.1	85.0	19.0	0.0	0
246.2	81.1	17.2	0.0	0
246.2	80.9	17.7	0.0	0
246.3	80.3	17.2	0.0	0
246.4	82.7	20.2	0.0	0
246.5	92.4	28.2	0.0	0
246.5	99.7	27.2	0.0	0
246.6	108.9	35.0	0.0	0
246.7	123.3	43.0	0.0	0
246.8	131.5	56.3	0.0	0
246.8	134.0	68.9	0.0	0
246.9	135.1	64.7	0.0	0
247.0	135.0	72.8	0.0	0
247.1	135.0	77.4	0.0	0
247.2	134.9	46.7	0.0	0
247.2	114.3	26.1	0.0	0
247.3	98.9	25.8	0.0	0
247.4	99.5	27.9	0.0	0
247.5	97.9	26.5	0.0	0
247.6	96.4	25.2	0.0	0
247.6	109.6	36.0	0.0	1
247.7	116.6	37.2	0.0	0
247.8	121.6	40.0	0.0	0
247.9	114.5	29.9	0.0	0
247.9	100.0	13.5	0.0	0
248.0	64.4	4.8	0.0	0
248.1	61.4	8.5	0.0	0
248.2	58.7	4.7	0.0	0
248.2	54.6	3.3	0.0	0
248.3	57.1	7.5	0.0	0
248.4	56.8	4.0	0.0	0
248.4	56.5	5.6	0.0	0
248.5	58.3	5.9	0.0	0
248.6	58.1	6.2	0.0	0
248.7	56.5	4.5	0.0	0
248.7	50.9	0.8	0.0	0
248.8	49.5	1.6	0.0	0
248.9	50.0	1.9	0.0	0
249.0	53.1	3.4	0.0	0
249.1	55.2	5.4	0.0	0
249.1	59.9	7.8	0.0	0
249.2	57.3	4.0	0.0	0
249.3	50.6	0.1	0.0	0
249.4	55.7	6.1	0.0	0
249.5	65.4	11.7	0.0	0
249.6	71.0	13.4	0.0	0
249.6	77.5	18.0	0.0	0
249.7	90.2	26.6	0.0	0
249.8	100.6	29.4	0.0	1
249.9	104.2	29.9	0.0	0
250.0	106.9	32.0	0.0	0
250.0	107.1	30.5	0.0	0
250.1	103.1	26.3	0.0	0
250.2	96.8	23.8	0.0	0
250.2	93.9	24.4	0.0	0
250.3	97.1	26.8	0.0	0
250.4	102.5	30.5	0.0	0
250.5	115.0	42.8	0.0	0
250.5	129.0	52.0	0.0	0
250.6	134.0	54.7	0.0	0
250.7	134.8	49.2	0.0	0
250.7	127.6	18.4	0.0	0
250.8	102.1	31.1	0.0	0
250.9	108.3	32.5	0.0	0
251.0	109.9	32.6	0.0	0
251.1	115.1	37.3	0.0	0
251.1	122.2	40.2	0.0	0
251.2	107.1	13.0	0.0	0
251.3	95.7	40.5	0.0	1
251.4	116.2	21.2	0.0	0
251.5	90.9	20.8	0.0	0
251.5	81.0	13.6	0.0	0
251.6	77.9	17.2	0.0	0
251.7	84.7	22.0	0.0	0
251.7	87.0	20.2	0.0	0
251.8	85.6	19.7	0.0	0
251.9	92.1	25.3	0.0	0
252.0	92.3	22.8	0.0	0
252.0	92.4	24.0	0.0	0
252.1	92.3	23.2	0.0	0
252.2	81.8	-0.1	0.0	0
252.3	50.9	0.5	0.0	0
252.3	47.6	0.3	0.0	0
252.4	45.9	-0.9	0.0	0
252.5	49.4	3.2	0.0	0
252.6	49.4	-0.2	0.0	0
252.6	46.4	-0.2	0.0	0
252.7	48.8	1.4	0.0	0
252.8	56.9	7.5	0.0	0
252.9	65.8	11.3	0.0	0
253.0	65.5	9.2	0.0	0
253.1	69.6	14.8	0.0	0
253.1	76.8	17.5	0.0	0
253.2	76.7	14.4	0.0	0
253.3	66.9	7.4	0.0	0
253.4	80.9	23.6	0.0	0
253.5	111.8	38.0	0.0	1
253.5	119.2	37.7	0.0	0
253.6	124.8	42.1	0.0	0
253.7	132.1	53.9	0.0	0
253.8	134.7	57.6	0.0	0
253.8	134.8	64.3	0.0	0
253.9	135.3	69.1	0.0	0
254.0	134.9	66.7	0.0	0
254.0	134.8	65.9	0.0	0
254.1	134.9	66.8	0.0	0
254.2	134.6	65.4	0.0	0
254.3	134.7	63.8	0.0	0
254.3	135.1	61.8	0.0	0
254.4	134.9	62.5	0.0	0
254.5	134.9	62.3	0.0	0
254.6	134.7	59.5	0.0	0
254.6	134.9	65.4	0.0	0
254.7	134.7	70.5	0.0	0
254.8	135.1	71.5	0.0	0
254.9	135.0	65.2	0.0	0
255.0	134.9	64.2	0.0	0
255.0	135.0	59.8	0.0	0
255.1	134.8	59.2	0.0	0
255.2	118.9	13.7	0.0	0
255.3	87.2	21.5	0.0	0
255.4	107.3	34.7	0.0	1
255.5	119.2	42.6	0.0	0
255.5	116.0	31.3	0.0	0
255.6	98.5	21.9	0.0	0
255.7	86.1	17.1	0.0	0
255.7	88.1	23.2	0.0	0
255.8	85.4	17.5	0.0	0
255.9	80.5	16.6	0.0	0
256.0	75.7	13.8	0.0	0
256.0	74.1	13.4	0.0	0
256.1	72.8	12.8	0.0	0
256.2	71.6	12.8	0.0	0
256.2	70.9	12.4	0.0	0
256.3	70.8	12.4	0.0	0
256.4	70.1	12.1	0.0	0
256.5	71.8	13.3	0.0	0
256.6	72.2	12.6	0.0	0
256.6	70.5	12.3	0.0	0
256.7	70.5	12.3	0.0	0
256.8	70.9	13.0	0.0	0
256.9	72.5	13.2	0.0	0
257.0	71.0	12.2	0.0	0
257.0	71.6	13.2	0.0	0
257.1	72.0	12.9	0.0	0
257.2	71.6	12.5	0.0	0
257.3	72.5	13.5	0.0	0
257.4	71.9	12.9	0.0	0
257.4	71.8	13.4	0.0	0
257.5	71.6	12.5	0.0	0
257.6	72.8	13.4	0.0	0
257.7	73.6	13.7	0.0	0
257.8	72.0	12.6	0.0	0
257.9	72.7	13.9	0.0	0
257.9	74.1	13.9	0.0	0
258.0	73.7	13.8	0.0	0
258.1	79.6	20.0	0.0	0
258.2	91.8	27.6	0.0	0
258.3	105.9	34.1	0.0	0
258.3	121.4	43.0	0.0	0
258.4	117.2	33.3	0.0	0
258.5	115.2	35.5	0.0	0
258.6	125.5	44.3	0.0	0
258.7	116.8	-0.6	0.0	0
258.7	67.7	-0.4	0.0	0
258.8	48.1	-0.2	0.0	0
258.9	47.1	-0.0	0.0	0
259.0	46.7	-0.1	0.0	0
259.1	46.2	-0.1	0.0	0
259.2	46.4	-0.2	0.0	0
259.2	46.2	-0.2	0.0	0
259.3	46.1	-0.1	0.0	0
259.4	46.4	-0.2	0.0	0
259.5	46.0	-0.3	0.0	0
259.6	47.1	-0.2	0.0	0
259.6	46.7	-0.2	0.0	0
259.7	47.0	-0.2	0.0	0
259.8	46.1	-0.2	0.0	0
259.9	46.2	-0.2	0.0	0
260.0	46.4	-0.2	0.0	0
260.0	46.4	-0.2	0.0	0
260.1	47.0	-0.2	0.0	0
260.2	46.9	-0.3	0.0	0
260.3	47.0	-0.3	0.0	0
260.4	46.9	-0.1	0.0	0
260.5	46.9	-0.1	0.0	0
260.5	46.1	-0.2	0.0	0
260.6	46.1	-0.1	0.0	0
260.7	46.0	-0.2	0.0	0
260.8	45.8	-0.3	0.0	0
260.9	46.6	-0.3	0.0	0
260.9	46.7	-0.2	0.0	0
261.0	47.0	-0.2	0.0	0
261.1	47.4	-0.1	0.0	0
261.2	46.9	-0.1	0.0	0
261.3	46.6	-0.1	0.0	0
261.3	46.6	-0.2	0.0	0
261.4	46.4	-0.2	0.0	0
261.5	46.4	-0.3	0.0	0
261.6	46.6	-0.3	0.0	0
261.7	46.8	-0.3	0.0	0
261.8	46.7	-0.1	0.0	0
261.8	46.8	-0.1	0.0	0
261.9	46.2	-0.1	0.0	0
262.0	46.2	-0.2	0.0	0
262.1	46.5	-0.2	0.0	0
262.2	46.8	-0.2	0.0	0
262.2	46.4	-0.2	0.0	0
262.3	47.4	-0.2	0.0	0
262.4	46.9	-0.2	0.0	0
262.5	46.2	-0.3	0.0	0
262.6	46.6	-0.1	0.0	0
262.6	46.7	-0.3	0.0	0
262.7	46.6	-0.3	0.0	0
262.8	46.8	-0.2	0.0	0
262.9	46.5	-0.2	0.0	0
263.0	46.6	-0.3	0.0	0
263.1	46.6	-0.2	0.0	0
263.1	46.0	-0.2	0.0	0
263.2	45.9	-0.2	0.0	0
263.3	46.6	-0.2	0.0	0
263.4	46.2	-0.2	0.0	0
263.5	46.8	-0.3	0.0	0
263.5	46.4	-0.2	0.0	0
263.6	46.2	-0.2	0.0	0
263.7	46.4	-0.2	0.0	0
263.8	46.7	-0.2	0.0	0
263.9	46.2	-0.2	0.0	0
263.9	46.3	-0.1	0.0	0
264.0	46.5	-0.2	0.0	0
264.1	45.9	-0.3	0.0	0
264.2	46.4	-0.2	0.0	0
264.3	46.5	-0.2	0.0	0
264.4	46.5	-0.2	0.0	0
264.4	46.8	-0.1	0.0	0
264.5	46.7	-0.2	0.0	0
264.6	46.1	-0.1	0.0	0
264.7	46.1	-0.2	0.0	0
264.8	46.1	-0.2	0.0	0
264.8	46.5	-0.1	0.0	0
264.9	47.0	-0.2	0.0	0
265.0	46.4	-0.2	0.0	0
265.1	46.5	-0.3	0.0	0
265.2	46.4	-0.2	0.0	0
265.2	46.1	-0.1	0.0	0
265.3	45.7	-0.2	0.0	0
265.4	45.5	-0.3	0.0	0
265.5	46.6	-0.2	0.0	0
265.6	46.4	-0.2	0.0	0
265.7	46.5	-0.2	0.0	0
265.7	45.9	-0.1	0.0	0
265.8	46.1	-0.2	0.0	0
265.9	45.9	-0.3	0.0	0
266.0	46.2	-0.2	0.0	0
266.1	46.7	-0.2	0.0	0
266.1	45.6	-0.2	0.0	0
266.2	46.8	-0.2	0.0	0
266.3	46.6	-0.3	0.0	0
266.4	46.4	-0.2	0.0	0
266.5	46.4	-0.3	0.0	0
266.5	46.5	-0.2	0.0	0
266.6	46.0	-0.2	0.0	0
266.7	46.7	-0.2	0.0	0
266.8	46.5	-0.1	0.0	0
266.9	46.5	-0.2	0.0	0
267.0	45.8	-0.2	0.0	0
267.0	46.6	-0.3	0.0	0
267.1	46.2	-0.3	0.0	0
267.2	46.3	-0.2	0.0	0
267.3	47.0	-0.2	0.0	0
267.4	46.5	-0.3	0.0	0
267.4	46.6	-0.2	0.0	0
267.5	46.4	-0.2	0.0	0
267.6	46.2	-0.3	0.0	0
267.7	46.4	-0.3	0.0	0
267.8	46.4	-0.2	0.0	0
267.9	46.9	-0.2	0.0	0
267.9	46.2	-0.2	0.0	0
268.0	46.0	-0.2	0.0	0
268.1	46.5	-0.2	0.0	0
268.2	46.8	-0.2	0.0	0
268.3	46.6	-0.2	0.0	0
268.3	46.4	-0.3	0.0	0
268.4	46.4	-0.3	0.0	0
268.5	46.8	-0.3	0.0	0
268.6	46.3	-0.2	0.0	0
268.7	46.9	-0.3	0.0	0
268.7	46.9	-0.1	0.0	0
268.8	46.7	-0.2	0.0	0
268.9	46.2	-0.2	0.0	0
269.0	46.4	-0.2	0.0	0
269.1	46.6	-0.2	0.0	0
269.2	47.1	-0.2	0.0	0
269.2	47.4	-0.3	0.0	0
269.3	47.4	-0.2	0.0	0
269.4	47.3	-0.2	0.0	0
269.5	46.6	-0.3	0.0	0
269.6	46.2	-0.2	0.0	0
269.6	46.6	-0.2	0.0	0
269.7	46.4	-0.2	0.0	0
269.8	47.0	-0.2	0.0	0
269.9	47.0	-0.2	0.0	0
270.0	46.0	-0.2	0.0	0
270.0	46.8	-0.3	0.0	0
270.1	46.7	-0.1	0.0	0
270.2	46.0	-0.2	0.0	0
270.3	46.1	-0.2	0.0	0
270.4	46.6	-0.3	0.0	0
270.5	46.4	-0.2	0.0	0
270.5	46.7	-0.2	0.0	0
270.6	46.7	-0.2	0.0	0
270.7	46.9	-0.2	0.0	0
270.8	45.9	-0.2	0.0	0
270.9	46.4	-0.2	0.0	0
270.9	45.7	-0.2	0.0	0
271.0	46.6	-0.2	0.0	0
271.1	46.8	-0.2	0.0	0
271.2	46.8	-0.1	0.0	0
271.3	46.9	-0.2	0.0	0
271.4	46.1	-0.4	0.0	0
271.4	46.9	-0.1	0.0	0
271.5	46.5	-0.1	0.0	0
271.6	46.5	-0.2	0.0	0
271.7	46.5	-0.1	0.0	0
271.8	46.4	-0.1	0.0	0
271.8	46.0	-0.2	0.0	0
271.9	46.6	-0.2	0.0	0
272.0	46.4	-0.2	0.0	0
272.1	46.4	-0.3	0.0	0
272.2	47.1	-0.3	0.0	0
272.2	46.4	-0.2	0.0	0
272.3	46.5	-0.2	0.0	0
272.4	46.4	-0.1	0.0	0
272.5	46.3	-0.2	0.0	0
272.6	47.5	-0.1	0.0	0
272.7	46.6	-0.3	0.0	0
272.7	46.7	-0.2	0.0	0
272.8	46.0	-0.2	0.0	0
272.9	46.6	-0.1	0.0	0
273.0	46.1	-0.1	0.0	0
273.1	46.8	-0.2	0.0	0
273.1	47.2	-0.1	0.0	0
273.2	46.3	-0.1	0.0	0
273.3	46.1	-0.1	0.0	0
273.4	46.5	-0.2	0.0	0
273.5	46.6	-0.3	0.0	0
273.6	46.2	-0.2	0.0	0
273.6	46.6	-0.3	0.0	0
273.7	46.7	-0.2	0.0	0
273.8	46.6	-0.2	0.0	0
273.9	46.0	-0.3	0.0	0
274.0	46.2	-0.2	0.0	0
274.0	46.6	-0.2	0.0	0
274.1	45.5	-0.3	0.0	0
274.2	46.2	-0.2	0.0	0
274.3	46.2	-0.3	0.0	0
274.4	46.2	-0.3	0.0	0
274.4	46.4	-0.2	0.0	0
274.5	46.8	-0.1	0.0	0
274.6	46.3	-0.2	0.0	0
274.7	46.5	-0.2	0.0	0
274.8	45.6	-0.2	0.0	0
274.9	46.3	-0.4	0.0	0
274.9	46.4	-0.3	0.0	0
275.0	46.1	-0.2	0.0	0
275.1	46.2	-0.3	0.0	0
275.2	47.1	-0.4	0.0	0
275.3	47.1	-0.3	0.0	0
275.3	46.4	-0.3	0.0	0
275.4	46.5	-0.2	0.0	0
275.5	46.5	-0.2	0.0	0
275.6	45.7	-0.2	0.0	0
275.7	45.8	-0.2	0.0	0
275.8	46.1	-0.2	0.0	0
275.8	47.0	-0.3	0.0	0
275.9	46.7	-0.2	0.0	0
276.0	47.0	-0.1	0.0	0
276.1	46.8	-0.2	0.0	0
276.2	46.6	-0.2	0.0	0
276.2	46.6	-0.1	0.0	0
276.3	45.8	-0.2	0.0	0
276.4	46.5	-0.1	0.0	0
276.5	46.4	-0.2	0.0	0
276.6	46.8	-0.2	0.0	0
276.7	46.6	-0.3	0.0	0
276.7	46.8	-0.3	0.0	0
276.8	45.9	-0.2	0.0	0
276.9	46.6	-0.2	0.0	0
277.0	46.0	-0.1	0.0	0
277.1	46.4	-0.2	0.0	0
277.1	45.9	-0.2	0.0	0
277.2	45.5	-0.2	0.0	0
277.3	46.4	-0.3	0.0	0
277.4	46.6	-0.2	0.0	0
277.5	46.5	-0.2	0.0	0
277.5	46.6	-0.2	0.0	0
277.6	47.4	-0.1	0.0	0
277.7	46.9	-0.2	0.0	0
277.8	46.1	-0.2	0.0	0
277.9	46.4	-0.2	0.0	0
278.0	46.5	-0.2	0.0	0
278.0	46.1	-0.2	0.0	0
278.1	46.7	-0.3	0.0	0
278.2	46.6	-0.3	0.0	0
278.3	46.4	-0.3	0.0	0
278.4	46.3	-0.3	0.0	0
278.4	46.8	-0.3	0.0	0
278.5	46.4	-0.2	0.0	0
278.6	46.6	-0.2	0.0	0
278.7	46.4	-0.3	0.0	0
278.8	46.1	-0.2	0.0	0
278.9	45.7	-0.3	0.0	0
278.9	46.6	-0.3	0.0	0
279.0	47.0	-0.3	0.0	0
279.1	46.5	-0.2	0.0	0
279.2	46.4	-0.2	0.0	0
279.3	46.5	-0.2	0.0	0
279.3	46.4	-0.3	0.0	0
279.4	46.3	-0.2	0.0	0
279.5	46.2	-0.2	0.0	0
279.6	45.8	-0.1	0.0	0
279.7	46.5	-0.2	0.0	0
279.7	46.4	-0.2	0.0	0
279.8	46.6	-0.3	0.0	0
279.9	46.5	-0.3	0.0	0
280.0	46.4	-0.2	0.0	0
280.1	46.8	-0.1	0.0	0
280.2	46.0	-0.1	0.0	0
280.2	46.5	-0.2	0.0	0
280.3	46.2	-0.2	0.0	0
280.4	46.3	-0.2	0.0	0
280.5	45.6	-0.3	0.0	0
280.6	45.8	-0.2	0.0	0
280.6	46.5	-0.2	0.0	0
280.7	46.5	-0.3	0.0	0
280.8	47.1	-0.1	0.0	0
280.9	47.5	-0.1	0.0	0
281.0	47.1	-0.1	0.0	0
281.1	46.9	-0.2	0.0	0
281.1	46.8	-0.2	0.0	0
281.2	46.5	-0.3	0.0	0
281.3	45.9	-0.3	0.0	0
281.4	46.1	-0.2	0.0	0
281.5	46.8	-0.2	0.0	0
281.5	46.4	-0.2	0.0	0
281.6	46.5	-0.2	0.0	0
281.7	46.0	-0.2	0.0	0
281.8	46.0	-0.1	0.0	0
281.9	46.4	-0.2	0.0	0
282.0	45.9	-0.2	0.0	0
282.0	46.2	-0.2	0.0	0
282.1	45.8	-0.2	0.0	0
282.2	46.8	-0.1	0.0	0
282.3	46.4	-0.2	0.0	0
282.4	46.8	-0.3	0.0	0
282.4	46.7	-0.2	0.0	0
282.5	46.5	-0.2	0.0	0
282.6	45.9	-0.1	0.0	0
282.7	46.1	-0.2	0.0	0
282.8	45.8	-0.2	0.0	0
282.9	46.4	-0.2	0.0	0
282.9	46.7	-0.2	0.0	0
283.0	46.9	-0.3	0.0	0
283.1	47.2	-0.2	0.0	0
283.2	46.5	-0.2	0.0	0
283.3	46.7	-0.1	0.0	0
283.3	46.0	-0.1	0.0	0
283.4	46.4	-0.2	0.0	0
283.5	46.6	-0.3	0.0	0
283.6	46.2	-0.3	0.0	0
283.7	46.9	-0.2	0.0	0
283.7	46.8	-0.3	0.0	0
283.8	46.2	-0.2	0.0	0
283.9	46.3	-0.2	0.0	0
284.0	46.0	-0.2	0.0	0
284.1	46.3	-0.2	0.0	0
284.1	46.6	-0.3	0.0	0
284.2	46.8	-0.2	0.0	0
284.3	46.6	-0.3	0.0	0
284.4	46.4	-0.2	0.0	0
284.5	46.5	-0.2	0.0	0
284.6	46.3	-0.3	0.0	0
284.6	46.7	-0.4	0.0	0
284.7	46.5	-0.3	0.0	0
284.8	46.5	-0.3	0.0	0
284.9	46.4	-0.2	0.0	0
285.0	46.0	-0.2	0.0	0
285.0	46.6	-0.2	0.0	0
285.1	46.5	-0.2	0.0	0
285.2	46.4	-0.3	0.0	0
285.3	47.1	-0.2	0.0	0
285.4	47.0	-0.2	0.0	0
285.4	46.7	-0.2	0.0	0
285.5	46.7	-0.2	0.0	0
285.6	46.8	-0.2	0.0	0
285.7	46.7	-0.1	0.0	0
285.8	47.1	-0.2	0.0	0
285.8	47.0	-0.2	0.0	0
285.9	47.1	-0.2	0.0	0
286.0	46.7	-0.2	0.0	0
286.1	46.2	-0.2	0.0	0
286.2	46.7	-0.2	0.0	0
286.3	46.6	-0.2	0.0	0
286.3	46.6	-0.3	0.0	0
286.4	46.9	-0.2	0.0	0
286.5	46.8	-0.3	0.0	0
286.6	46.7	-0.2	0.0	0
286.7	47.3	-0.1	0.0	0
286.7	47.2	-0.1	0.0	0
286.8	46.4	-0.1	0.0	0
286.9	46.9	-0.3	0.0	0
287.0	46.9	-0.2	0.0	0
287.1	46.8	-0.3	0.0	0
287.1	46.9	-0.3	0.0	0
287.2	46.9	-0.3	0.0	0
287.3	46.8	-0.1	0.0	0
287.4	46.1	-0.1	0.0	0
287.5	46.0	-0.2	0.0	0
287.5	46.8	-0.2	0.0	0
287.6	47.0	-0.1	0.0	0
287.7	46.7	-0.2	0.0	0
287.8	47.0	-0.2	0.0	0
287.9	47.8	-0.1	0.0	0
288.0	45.3	-0.1	0.0	0
288.0	46.5	-0.2	0.0	0
288.1	46.1	-0.3	0.0	0
288.2	46.5	-0.2	0.0	0
288.3	46.5	-0.2	0.0	0
288.4	46.5	-0.2	0.0	0
288.4	46.7	-0.2	0.0	0
288.5	46.4	-0.2	0.0	0
288.6	46.2	-0.2	0.0	0
288.7	46.2	-0.2	0.0	0
288.8	46.1	-0.2	0.0	0
288.8	46.6	-0.2	0.0	0
288.9	46.7	-0.2	0.0	0
289.0	46.8	-0.3	0.0	0
289.1	47.2	-0.1	0.0	0
289.2	46.5	-0.2	0.0	0
289.3	46.5	-0.3	0.0	0
289.3	46.6	-0.2	0.0	0
289.4	46.4	-0.2	0.0	0
289.5	46.3	-0.3	0.0	0
289.6	46.6	-0.2	0.0	0
289.7	46.6	-0.2	0.0	0
289.7	46.1	-0.2	0.0	0
289.8	46.8	-0.2	0.0	0
289.9	46.6	-0.2	0.0	0
290.0	46.2	-0.2	0.0	0
290.1	46.1	-0.3	0.0	0
290.1	46.4	-0.3	0.0	0
290.2	46.4	-0.2	0.0	0
290.3	46.8	-0.2	0.0	0
290.4	46.5	-0.2	0.0	0
290.5	46.0	-0.2	0.0	0
290.5	46.3	-0.3	0.0	0
290.6	46.4	-0.2	0.0	0
290.7	46.6	-0.2	0.0	0
290.8	46.5	-0.4	0.0	0
290.9	46.6	-0.2	0.0	0
291.0	46.1	-0.2	0.0	0
291.0	46.8	-0.1	0.0	0
291.1	46.4	-0.2	0.0	0
291.2	46.5	-0.2	0.0	0
291.3	46.5	-0.2	0.0	0
291.4	46.5	-0.2	0.0	0
291.4	47.0	-0.2	0.0	0
291.5	47.4	-0.1	0.0	0
291.6	46.6	-0.2	0.0	0
291.7	46.5	-0.3	0.0	0
291.8	46.7	-0.2	0.0	0
291.8	46.6	-0.2	0.0	0
291.9	46.8	-0.2	0.0	0
292.0	47.1	-0.3	0.0	0
292.1	47.0	-0.2	0.0	0
292.2	46.0	-0.2	0.0	0
292.3	46.2	-0.1	0.0	0
292.3	46.4	-0.1	0.0	0
292.4	45.9	-0.2	0.0	0
292.5	46.9	-0.3	0.0	0
292.6	46.8	-0.2	0.0	0
292.7	46.8	-0.1	0.0	0
292.7	47.1	-0.2	0.0	0
292.8	45.9	-0.2	0.0	0
292.9	46.2	-0.2	0.0	0
293.0	45.7	-0.2	0.0	0
293.1	46.5	-0.3	0.0	0
293.1	46.0	-0.2	0.0	0
293.2	46.7	-0.2	0.0	0
293.3	46.6	-0.1	0.0	0
293.4	46.6	-0.2	0.0	0
293.5	46.9	-0.0	0.0	0
293.5	46.7	-0.2	0.0	0
293.6	46.5	-0.2	0.0	0
293.7	46.7	-0.2	0.0	0
293.8	47.0	-0.3	0.0	0
293.9	46.0	-0.2	0.0	0
294.0	46.6	-0.2	0.0	0
294.0	46.2	-0.2	0.0	0
294.1	46.0	-0.2	0.0	0
294.2	46.1	-0.1	0.0	0
294.3	46.0	-0.2	0.0	0
294.4	46.1	-0.3	0.0	0
294.4	46.6	-0.2	0.0	0
294.5	46.5	-0.2	0.0	0
294.6	46.1	-0.3	0.0	0
294.7	46.0	-0.2	0.0	0
294.8	45.9	-0.2	0.0	0
294.8	46.2	-0.2	0.0	0
294.9	46.2	-0.3	0.0	0
295.0	46.1	-0.2	0.0	0
295.1	46.4	-0.2	0.0	0
295.2	47.2	-0.1	0.0	0
295.3	46.7	-0.1	0.0	0
295.3	45.9	-0.2	0.0	0
295.4	46.0	-0.2	0.0	0
295.5	46.8	-0.2	0.0	0
295.6	46.2	-0.2	0.0	0
295.7	46.2	-0.3	0.0	0
295.7	46.4	-0.3	0.0	0
295.8	45.9	-0.1	0.0	0
295.9	46.2	-0.3	0.0	0
296.0	46.4	-0.1	0.0	0
296.1	45.6	-0.1	0.0	0
296.1	46.0	-0.2	0.0	0
296.2	46.5	-0.2	0.0	0
296.3	46.4	-0.2	0.0	0
296.4	46.9	-0.2	0.0	0
296.5	46.9	-0.1	0.0	0
296.6	46.1	-0.2	0.0	0
296.6	46.4	-0.2	0.0	0
296.7	45.9	-0.2	0.0	0
296.8	46.2	-0.3	0.0	0
296.9	46.4	-0.3	0.0	0
297.0	46.5	-0.2	0.0	0
297.0	47.0	-0.2	0.0	0
297.1	46.4	-0.2	0.0	0
297.2	45.9	-0.2	0.0	0
297.3	46.1	-0.1	0.0	0
297.4	45.7	-0.2	0.0	0
297.4	46.1	-0.2	0.0	0
297.5	46.6	-0.4	0.0	0
297.6	46.4	-0.1	0.0	0
297.7	46.0	-0.2	0.0	0
297.8	45.6	-0.2	0.0	0
297.8	46.5	-0.2	0.0	0
297.9	45.8	-0.3	0.0	0
298.0	46.2	-0.2	0.0	0
298.1	46.9	-0.3	0.0	0
298.2	46.7	-0.2	0.0	0
298.3	46.3	-0.1	0.0	0
298.3	46.1	-0.2	0.0	0
298.4	46.7	-0.2	0.0	0
298.5	46.1	-0.1	0.0	0
298.6	45.9	-0.3	0.0	0
298.7	45.9	-0.3	0.0	0
298.7	46.2	-0.3	0.0	0
298.8	46.1	-0.2	0.0	0
298.9	46.6	-0.3	0.0	0
299.0	46.0	-0.1	0.0	0
299.1	45.9	-0.1	0.0	0
299.1	45.5	-0.1	0.0	0
299.2	46.3	-0.3	0.0	0
299.3	46.8	-0.3	0.0	0
299.4	46.8	-0.3	0.0	0
299.5	46.6	-0.2	0.0	0
299.6	46.7	-0.2	0.0	0
299.6	46.4	-0.2	0.0	0
299.7	46.5	-0.2	0.0	0
299.8	46.5	-0.2	0.0	0
299.9	45.8	-0.2	0.0	0
300.0	46.2	-0.3	0.0	0
300.0	45.7	-0.2	0.0	0
300.1	46.3	-0.1	0.0	0
300.2	47.1	-0.1	0.0	0
300.3	46.9	-0.2	0.0	0
300.4	46.7	-0.1	0.0	0
300.4	46.6	-0.2	0.0	0
300.5	46.0	-0.2	0.0	0
300.6	46.3	-0.2	0.0	0
300.7	46.3	-0.2	0.0	0
300.8	46.2	-0.3	0.0	0
300.9	46.9	-0.3	0.0	0
300.9	46.6	-0.1	0.0	0
301.0	46.5	-0.1	0.0	0
301.1	46.1	-0.2	0.0	0
301.2	46.5	-0.2	0.0	0
301.3	46.1	-0.2	0.0	0
301.3	46.5	-0.3	0.0	0
301.4	46.4	-0.3	0.0	0
301.5	46.3	-0.3	0.0	0
301.6	46.4	-0.2	0.0	0
301.7	46.2	-0.3	0.0	0
301.7	45.9	-0.2	0.0	0
301.8	46.1	-0.2	0.0	0
301.9	46.1	-0.3	0.0	0
302.0	46.4	-0.2	0.0	0
302.1	45.9	-0.3	0.0	0
302.2	46.7	-0.3	0.0	0
302.2	46.2	-0.2	0.0	0
302.3	47.1	-0.1	0.0	0
302.4	46.7	-0.3	0.0	0
302.5	45.8	-0.2	0.0	0
302.6	45.9	-0.2	0.0	0
302.6	46.1	-0.3	0.0	0
302.7	46.7	-0.2	0.0	0
302.8	46.2	-0.3	0.0	0
302.9	46.2	-0.3	0.0	0
303.0	46.5	-0.2	0.0	0
303.0	46.5	-0.3	0.0	0
303.1	46.1	-0.3	0.0	0
303.2	46.5	-0.2	0.0	0
303.3	45.9	-0.2	0.0	0
303.4	46.7	-0.2	0.0	0
303.5	46.4	-0.2	0.0	0
303.5	46.6	-0.3	0.0	0
303.6	46.4	-0.2	0.0	0
303.7	46.0	-0.2	0.0	0
303.8	45.8	-0.2	0.0	0
303.9	46.1	-0.2	0.0	0
303.9	46.2	-0.2	0.0	0
304.0	45.9	-0.2	0.0	0
304.1	46.4	-0.3	0.0	0
304.2	46.2	-0.2	0.0	0
304.3	46.3	-0.2	0.0	0
304.3	46.1	-0.2	0.0	0
304.4	46.1	-0.2	0.0	0
304.5	46.4	-0.2	0.0	0
304.6	46.2	-0.1	0.0	0
304.7	46.2	-0.2	0.0	0
304.8	46.6	-0.3	0.0	0
304.8	46.7	-0.2	0.0	0
304.9	46.8	-0.2	0.0	0
305.0	46.5	-0.2	0.0	0
305.1	46.7	-0.1	0.0	0
305.2	46.2	-0.2	0.0	0
305.2	45.9	-0.2	0.0	0
305.3	46.9	-0.2	0.0	0
305.4	46.6	-0.2	0.0	0
305.5	46.3	-0.2	0.0	0
305.6	46.2	-0.2	0.0	0
305.7	46.5	-0.2	0.0	0
305.7	46.5	-0.2	0.0	0
305.8	45.9	-0.2	0.0	0
305.9	46.3	-0.1	0.0	0
306.0	45.9	-0.2	0.0	0
306.1	45.9	-0.3	0.0	0
306.1	46.6	-0.2	0.0	0
306.2	46.6	-0.4	0.0	0
306.3	46.8	-0.2	0.0	0
306.4	46.8	-0.2	0.0	0
306.5	46.9	-0.1	0.0	0
306.5	46.8	-0.1	0.0	0
306.6	46.3	-0.1	0.0	0
306.7	45.8	-0.2	0.0	0
306.8	46.5	-0.2	0.0	0
306.9	46.0	-0.3	0.0	0
307.0	46.5	-0.3	0.0	0
307.0	46.4	-0.3	0.0	0
307.1	46.7	-0.2	0.0	0
307.2	47.1	-0.3	0.0	0
307.3	46.7	-0.2	0.0	0
307.4	45.7	-0.3	0.0	0
307.4	45.8	-0.2	0.0	0
307.5	45.9	-0.2	0.0	0
307.6	46.2	-0.2	0.0	0
307.7	46.6	-0.2	0.0	0
307.8	46.5	-0.3	0.0	0
307.9	46.6	-0.1	0.0	0
307.9	46.5	-0.2	0.0	0
308.0	46.5	-0.3	0.0	0
308.1	46.0	-0.2	0.0	0
308.2	46.1	-0.2	0.0	0
308.3	46.1	-0.3	0.0	0
308.3	46.5	-0.2	0.0	0
308.4	45.9	-0.1	0.0	0
308.5	46.5	-0.3	0.0	0
308.6	46.7	-0.3	0.0	0
308.7	45.9	-0.2	0.0	0
308.7	46.6	-0.3	0.0	0
308.8	46.1	-0.2	0.0	0
308.9	46.0	-0.2	0.0	0
309.0	45.9	-0.2	0.0	0
309.1	46.2	-0.1	0.0	0
309.2	46.5	-0.3	0.0	0
309.2	46.4	-0.2	0.0	0
309.3	46.8	-0.2	0.0	0
309.4	46.5	-0.3	0.0	0
309.5	46.8	-0.2	0.0	0
309.6	46.4	-0.2	0.0	0
309.6	46.3	-0.1	0.0	0
309.7	46.0	-0.2	0.0	0
309.8	46.1	-0.2	0.0	0
309.9	46.1	-0.3	0.0	0
310.0	46.1	-0.2	0.0	0
310.1	46.7	-0.2	0.0	0
310.1	46.7	-0.2	0.0	0
310.2	45.9	-0.1	0.0	0
310.3	45.5	-0.2	0.0	0
310.4	46.2	-0.4	0.0	0
310.5	45.7	-0.2	0.0	0
310.5	46.4	-0.3	0.0	0
310.6	46.1	-0.3	0.0	0
310.7	46.2	-0.3	0.0	0
310.8	46.5	-0.3	0.0	0
310.9	46.8	-0.3	0.0	0
310.9	46.8	-0.2	0.0	0
311.0	47.1	-0.3	0.0	0
311.1	46.5	-0.2	0.0	0
311.2	46.2	-0.1	0.0	0
311.3	46.4	-0.2	0.0	0
311.4	46.1	-0.2	0.0	0
311.4	46.3	-0.3	0.0	0
311.5	46.2	-0.3	0.0	0
311.6	46.6	-0.3	0.0	0
311.7	46.4	-0.2	0.0	0
311.8	46.9	-0.1	0.0	0
311.8	46.4	-0.4	0.0	0
311.9	46.2	-0.3	0.0	0
312.0	46.3	-0.2	0.0	0
312.1	46.0	-0.3	0.0	0
312.2	45.8	-0.4	0.0	0
312.3	46.2	-0.3	0.0	0
312.3	46.0	-0.2	0.0	0
312.4	46.3	-0.3	0.0	0
312.5	46.2	-0.3	0.0	0
312.6	45.9	-0.2	0.0	0
312.7	46.0	-0.3	0.0	0
312.7	46.0	-0.2	0.0	0
312.8	45.4	-0.1	0.0	0
312.9	46.1	-0.3	0.0	0
313.0	46.5	-0.2	0.0	0
313.1	46.2	-0.2	0.0	0
313.1	46.5	-0.2	0.0	0
313.2	46.4	-0.2	0.0	0
313.3	46.7	-0.2	0.0	0
313.4	46.0	-0.2	0.0	0
313.5	45.9	-0.2	0.0	0
313.6	46.1	-0.1	0.0	0
313.6	46.1	-0.2	0.0	0
313.7	46.8	-0.3	0.0	0
313.8	46.3	-0.3	0.0	0
313.9	46.2	-0.3	0.0	0
314.0	44.4	-0.2	0.0	0
314.0	46.4	-0.0	0.0	0
314.1	46.9	-0.3	0.0	0
314.2	45.9	-0.3	0.0	0
314.3	46.0	-0.3	0.0	0
314.4	46.4	-0.3	0.0	0
314.5	45.7	-0.3	0.0	0
314.5	45.9	-0.3	0.0	0
314.6	45.8	-0.3	0.0	0
314.7	46.1	-0.2	0.0	0
314.8	45.8	-0.3	0.0	0
314.9	46.2	-0.2	0.0	0
314.9	46.1	-0.2	0.0	0
315.0	46.0	-0.3	0.0	0
315.1	45.6	-0.3	0.0	0
315.2	45.8	-0.3	0.0	0
315.3	45.8	-0.3	0.0	0
315.4	46.2	-0.3	0.0	0
315.4	46.5	-0.3	0.0	0
315.5	46.2	-0.3	0.0	0
315.6	46.2	-0.2	0.0	0
315.7	45.9	-0.3	0.0	0
315.8	45.9	-0.2	0.0	0
315.8	45.8	-0.2	0.0	0
315.9	45.8	-0.3	0.0	0
316.0	46.2	-0.3	0.0	0
316.1	45.9	-0.2	0.0	0
316.2	46.1	-0.3	0.0	0
316.2	45.6	-0.4	0.0	0
316.3	46.2	-0.2	0.0	0
316.4	46.3	-0.2	0.0	0
316.5	46.4	-0.2	0.0	0
316.6	45.9	-0.2	0.0	0
316.7	46.0	-0.2	0.0	0
316.7	46.0	-0.3	0.0	0
316.8	46.1	-0.2	0.0	0
316.9	46.7	-0.2	0.0	0
317.0	46.2	-0.2	0.0	0
317.1	46.8	-0.2	0.0	0
317.1	46.3	-0.2	0.0	0
317.2	46.4	-0.1	0.0	0
317.3	46.2	-0.1	0.0	0
317.4	46.1	-0.2	0.0	0
317.5	46.0	-0.1	0.0	0
317.6	46.4	-0.2	0.0	0
317.6	46.4	-0.2	0.0	0
317.7	46.6	-0.3	0.0	0
317.8	46.5	-0.3	0.0	0
317.9	47.1	-0.2	0.0	0
318.0	46.6	-0.1	0.0	0
318.0	46.1	-0.3	0.0	0
318.1	46.5	-0.2	0.0	0
318.2	45.3	-0.2	0.0	0
318.3	46.2	-0.3	0.0	0
318.4	45.7	-0.2	0.0	0
318.5	46.0	-0.3	0.0	0
318.5	46.3	-0.2	0.0	0
318.6	46.5	-0.2	0.0	0
318.7	47.0	-0.1	0.0	0
318.8	46.9	-0.2	0.0	0
318.9	46.4	-0.1	0.0	0
318.9	47.1	-0.2	0.0	0
319.0	46.6	-0.1	0.0	0
319.1	46.6	-0.2	0.0	0
319.2	45.7	-0.2	0.0	0
319.3	46.0	-0.2	0.0	0
319.4	46.4	-0.2	0.0	0
319.4	46.3	-0.3	0.0	0
319.5	46.1	-0.3	0.0	0
319.6	47.2	-0.2	0.0	0
319.7	46.8	-0.1	0.0	0
319.8	46.8	-0.1	0.0	0
319.8	46.9	-0.2	0.0	0
319.9	46.5	-0.2	0.0	0
320.0	46.4	-0.3	0.0	0
320.1	46.2	-0.2	0.0	0
320.2	46.6	-0.1	0.0	0
320.2	46.5	-0.2	0.0	0
320.3	46.1	-0.2	0.0	0
320.4	46.6	-0.2	0.0	0
320.5	46.7	-0.2	0.0	0
320.6	46.4	-0.3	0.0	0
320.6	46.1	-0.2	0.0	0
320.7	46.7	-0.3	0.0	0
320.8	46.3	-0.2	0.0	0
320.9	46.2	-0.2	0.0	0
321.0	46.2	-0.1	0.0	0
321.1	46.9	-0.2	0.0	0
321.1	46.6	-0.1	0.0	0
321.2	46.5	-0.3	0.0	0
321.3	46.6	-0.2	0.0	0
321.4	46.7	-0.3	0.0	0
321.5	46.5	-0.2	0.0	0
321.5	45.2	-0.3	0.0	0
321.6	46.5	-0.2	0.0	0
321.7	46.2	-0.2	0.0	0
321.8	46.6	-0.3	0.0	0
321.9	46.7	-0.2	0.0	0
321.9	46.6	-0.2	0.0	0
322.0	47.3	-0.2	0.0	0
322.1	46.2	-0.2	0.0	0
322.2	46.5	-0.1	0.0	0
322.3	46.4	-0.3	0.0	0
322.3	46.6	-0.2	0.0	0
322.4	46.4	-0.2	0.0	0
322.5	46.5	-0.1	0.0	0
322.6	46.7	-0.1	0.0	0
322.7	46.5	-0.3	0.0	0
322.7	46.8	-0.2	0.0	0
322.8	46.8	-0.3	0.0	0
322.9	46.6	-0.2	0.0	0
323.0	46.5	-0.2	0.0	0
323.1	46.5	-0.2	0.0	0
323.2	45.7	-0.2	0.0	0
323.2	46.2	-0.2	0.0	0
323.3	46.5	-0.3	0.0	0
323.4	46.6	-0.2	0.0	0
323.5	45.9	-0.2	0.0	0
323.6	46.6	-0.2	0.0	0
323.6	46.1	-0.1	0.0	0
323.7	46.5	-0.1	0.0	0
323.8	46.4	-0.2	0.0	0
323.9	45.8	-0.3	0.0	0
324.0	46.5	-0.3	0.0	0
324.0	46.2	-0.2	0.0	0
324.1	46.9	-0.2	0.0	0
324.2	45.9	-0.1	0.0	0
324.3	45.2	-0.3	0.0	0
324.4	46.5	-0.2	0.0	0
324.4	46.6	-0.2	0.0	0
324.5	46.3	-0.1	0.0	0
324.6	46.6	-0.3	0.0	0
324.7	46.5	-0.2	0.0	0
324.8	46.2	-0.2	0.0	0
324.9	46.5	-0.2	0.0	0
324.9	46.6	-0.3	0.0	0
325.0	46.2	-0.2	0.0	0
325.1	45.7	-0.2	0.0	0
325.2	46.6	-0.3	0.0	0
325.3	46.6	-0.2	0.0	0
325.3	46.1	-0.2	0.0	0
325.4	46.1	-0.2	0.0	0
325.5	46.5	-0.2	0.0	0
325.6	46.1	-0.2	0.0	0
325.7	46.4	-0.2	0.0	0
325.7	46.7	-0.3	0.0	0
325.8	46.2	-0.1	0.0	0
325.9	46.7	-0.2	0.0	0
326.0	46.4	-0.2	0.0	0
326.1	46.2	-0.1	0.0	0
326.1	46.1	-0.1	0.0	0
326.2	46.6	-0.3	0.0	0
326.3	46.7	-0.2	0.0	0
326.4	46.7	-0.3	0.0	0
326.5	47.0	-0.3	0.0	0
326.6	46.4	-0.2	0.0	0
326.6	46.5	-0.2	0.0	0
326.7	46.0	-0.1	0.0	0
326.8	46.8	-0.3	0.0	0
326.9	46.7	-0.2	0.0	0
327.0	47.1	-0.2	0.0	0
327.0	46.9	-0.1	0.0	0
327.1	46.2	-0.2	0.0	0
327.2	46.4	-0.2	0.0	0
327.3	47.0	-0.1	0.0	0
327.4	46.4	-0.2	0.0	0
327.4	47.0	-0.1	0.0	0
327.5	46.9	-0.2	0.0	0
327.6	46.6	-0.1	0.0	0
327.7	46.3	-0.3	0.0	0
327.8	46.4	-0.2	0.0	0
327.9	46.1	-0.2	0.0	0
327.9	46.8	-0.2	0.0	0
328.0	46.6	-0.2	0.0	0
328.1	46.9	-0.2	0.0	0
328.2	46.5	-0.2	0.0	0
328.3	46.6	-0.2	0.0	0
328.3	46.2	-0.2	0.0	0
328.4	46.9	-0.2	0.0	0
328.5	46.4	-0.2	0.0	0
328.6	46.5	-0.1	0.0	0
328.7	46.7	-0.2	0.0	0
328.7	46.7	-0.2	0.0	0
328.8	47.0	-0.2	0.0	0
328.9	46.3	-0.1	0.0	0
329.0	47.0	-0.2	0.0	0
329.1	46.6	-0.2	0.0	0
329.1	47.0	-0.2	0.0	0
329.2	46.4	-0.2	0.0	0
329.3	47.1	-0.2	0.0	0
329.4	46.8	-0.2	0.0	0
329.5	46.2	-0.2	0.0	0
329.6	46.4	-0.3	0.0	0
329.6	46.2	-0.3	0.0	0
329.7	46.6	-0.3	0.0	0
329.8	46.5	-0.3	0.0	0
329.9	46.7	-0.2	0.0	0
330.0	46.7	-0.3	0.0	0
330.0	47.1	-0.3	0.0	0
330.1	46.7	-0.1	0.0	0
330.2	46.7	-0.1	0.0	0
330.3	46.6	-0.3	0.0	0
330.4	46.8	-0.2	0.0	0
330.4	46.9	-0.1	0.0	0
330.5	46.4	-0.2	0.0	0
330.6	46.7	-0.2	0.0	0
330.7	47.0	-0.3	0.0	0
330.8	46.1	-0.2	0.0	0
330.8	47.1	-0.2	0.0	0
330.9	46.6	-0.1	0.0	0
331.0	46.5	-0.3	0.0	0
331.1	47.2	-0.3	0.0	0
331.2	46.6	-0.1	0.0	0
331.3	47.4	-0.2	0.0	0
331.3	46.5	-0.1	0.0	0
331.4	46.4	-0.1	0.0	0
331.5	46.5	-0.1	0.0	0
331.6	46.5	-0.2	0.0	0
331.7	46.6	-0.3	0.0	0
331.7	47.1	-0.2	0.0	0
331.8	46.3	-0.2	0.0	0
331.9	46.4	-0.2	0.0	0
332.0	46.3	-0.1	0.0	0
332.1	46.0	-0.2	0.0	0
332.1	46.5	-0.2	0.0	0
332.2	46.5	-0.3	0.0	0
332.3	46.6	-0.3	0.0	0
332.4	46.5	-0.2	0.0	0
332.5	46.9	-0.2	0.0	0
332.6	46.8	-0.2	0.0	0
332.6	45.7	-0.1	0.0	0
332.7	46.8	-0.2	0.0	0
332.8	46.4	-0.1	0.0	0
332.9	46.8	-0.3	0.0	0
333.0	47.0	-0.2	0.0	0
333.0	47.1	-0.2	0.0	0
333.1	46.5	-0.3	0.0	0
333.2	47.1	-0.3	0.0	0
333.3	46.9	-0.1	0.0	0
333.4	46.6	-0.1	0.0	0
333.4	46.0	-0.2	0.0	0
333.5	46.5	-0.2	0.0	0
333.6	46.0	-0.2	0.0	0
333.7	46.6	-0.2	0.0	0
333.8	46.7	-0.3	0.0	0
333.9	47.0	-0.1	0.0	0
333.9	46.1	-0.2	0.0	0
334.0	46.9	-0.2	0.0	0
334.1	46.2	-0.3	0.0	0
334.2	46.6	-0.1	0.0	0
334.3	46.2	-0.3	0.0	0
334.3	46.9	-0.1	0.0	0
334.4	47.1	-0.1	0.0	0
334.5	47.0	-0.2	0.0	0
334.6	47.0	-0.0	0.0	0
334.7	46.8	-0.2	0.0	0
334.7	46.2	-0.1	0.0	0
334.8	46.2	-0.1	0.0	0
334.9	46.4	-0.2	0.0	0
335.0	47.0	-0.1	0.0	0
335.1	46.9	-0.1	0.0	0
335.2	46.4	-0.1	0.0	0
335.2	47.0	-0.1	0.0	0
335.3	46.5	-0.2	0.0	0
335.4	46.2	-0.1	0.0	0
335.5	46.8	-0.2	0.0	0
335.6	46.6	-0.1	0.0	0
335.6	47.3	-0.1	0.0	0
335.7	46.9	-0.1	0.0	0
335.8	47.3	-0.0	0.0	0
335.9	47.4	0.0	0.0	0
336.0	47.9	-0.0	0.0	0
336.0	47.4	-0.1	0.0	0
336.1	46.7	-0.1	0.0	0
336.2	46.3	-0.1	0.0	0
336.3	46.7	-0.2	0.0	0
336.4	47.1	-0.1	0.0	0
336.5	46.7	-0.2	0.0	0
336.5	46.8	-0.1	0.0	0
336.6	47.3	-0.1	0.0	0
336.7	46.7	-0.1	0.0	0
336.8	46.7	-0.1	0.0	0
336.9	46.8	-0.0	0.0	0
336.9	46.9	-0.2	0.0	0
337.0	46.8	-0.1	0.0	0
337.1	47.7	0.5	0.0	0
337.2	48.1	0.2	0.0	0
337.3	47.9	0.1	0.0	0
337.3	47.0	0.0	0.0	0
337.4	47.1	0.1	0.0	0
337.5	47.5	0.1	0.0	0
337.6	47.2	0.0	0.0	0
337.7	47.4	0.0	0.0	0
337.8	47.5	0.1	0.0	0
337.8	47.5	0.1	0.0	0
337.9	47.4	0.0	0.0	0
338.0	47.0	0.1	0.0	0
338.1	46.9	0.1	0.0	0
338.2	46.9	0.0	0.0	0
338.2	47.2	0.0	0.0	0
338.3	47.6	0.1	0.0	0
338.4	48.0	0.0	0.0	0
338.5	47.6	0.1	0.0	0
338.6	47.4	-0.0	0.0	0
338.6	47.1	0.1	0.0	0
338.7	47.3	0.0	0.0	0
338.8	47.5	0.0	0.0	0
338.9	46.7	-0.0	0.0	0
339.0	47.3	-0.1	0.0	0
339.1	46.9	-0.0	0.0	0
339.1	47.5	-0.0	0.0	0
339.2	47.8	-0.1	0.0	0
339.3	47.5	0.0	0.0	0
339.4	47.0	-0.0	0.0	0
339.5	47.4	-0.0	0.0	0
339.5	47.2	0.0	0.0	0
339.6	47.2	-0.0	0.0	0
339.7	46.9	-0.0	0.0	0
339.8	47.4	0.0	0.0	0
339.9	47.2	-0.0	0.0	0
340.0	47.6	-0.0	0.0	0
340.0	47.4	-0.1	0.0	0
340.1	46.8	0.1	0.0	0
340.2	46.9	-0.1	0.0	0
340.3	47.0	-0.0	0.0	0
340.4	47.0	-0.1	0.0	0
340.4	48.1	-0.0	0.0	0
340.5	47.2	0.0	0.0	0
340.6	47.5	-0.0	0.0	0
340.7	47.9	0.1	0.0	0
340.8	47.4	0.0	0.0	0
340.8	47.2	0.1	0.0	0
340.9	47.5	0.0	0.0	0
341.0	47.4	0.0	0.0	0
341.1	47.1	-0.0	0.0	0
341.2	47.5	0.0	0.0	0
341.3	47.2	0.0	0.0	0
341.3	47.6	0.1	0.0	0
341.4	47.4	0.2	0.0	0
341.5	47.1	0.1	0.0	0
341.6	47.2	0.1	0.0	0
341.7	46.8	0.0	0.0	0
341.7	46.9	0.0	0.0	0
341.8	46.7	-0.1	0.0	0
341.9	46.5	0.0	0.0	0
342.0	47.1	0.1	0.0	0
342.1	47.4	-0.0	0.0	0
342.1	47.5	0.2	0.0	0
342.2	46.4	0.0	0.0	0
342.3	46.7	0.0	0.0	0
342.4	47.4	0.0	0.0	0
342.5	47.0	0.1	0.0	0
342.6	47.3	-0.0	0.0	0
342.6	47.9	-0.0	0.0	0
342.7	47.2	0.1	0.0	0
342.8	47.2	0.0	0.0	0
342.9	47.7	0.1	0.0	0
343.0	47.5	0.1	0.0	0
343.0	47.3	0.1	0.0	0
343.1	47.5	-0.0	0.0	0
343.2	47.4	0.1	0.0	0
343.3	47.0	0.0	0.0	0
343.4	47.6	-0.1	0.0	0
343.5	47.8	0.1	0.0	0
343.5	47.6	0.2	0.0	0
343.6	47.3	0.1	0.0	0
343.7	47.5	0.1	0.0	0
343.8	47.5	0.2	0.0	0
343.9	47.2	-0.1	0.0	0
343.9	47.4	0.0	0.0	0
344.0	46.9	0.0	0.0	0
344.1	47.8	0.0	0.0	0
344.2	47.7	0.0	0.0	0
344.3	47.6	0.1	0.0	0
344.3	47.4	0.1	0.0	0
344.4	47.6	0.1	0.0	0
344.5	47.6	0.1	0.0	0
344.6	47.6	0.0	0.0	0
344.7	47.4	-0.0	0.0	0
344.8	48.0	0.1	0.0	0
344.8	48.0	0.1	0.0	0
344.9	47.8	0.1	0.0	0
345.0	47.5	0.1	0.0	0
345.1	47.2	0.1	0.0	0
345.2	48.6	0.2	0.0	0
345.2	47.6	0.2	0.0	0
345.3	47.0	0.0	0.0	0
345.4	47.8	0.0	0.0	0
345.5	47.6	0.0	0.0	0
345.6	48.2	-0.0	0.0	0
345.6	47.8	0.1	0.0	0
345.7	47.6	0.0	0.0	0
345.8	47.6	0.1	0.0	0
345.9	47.1	0.1	0.0	0
346.0	47.3	0.0	0.0	0
346.1	46.9	0.0	0.0	0
346.1	47.2	0.0	0.0	0
346.2	47.1	-0.0	0.0	0
346.3	47.2	0.0	0.0	0
346.4	46.9	0.1	0.0	0
346.5	47.3	-0.0	0.0	0
346.5	46.4	0.1	0.0	0
346.6	47.7	0.3	0.0	0
346.7	47.3	0.3	0.0	0
346.8	47.8	0.3	0.0	0
346.9	48.0	0.3	0.0	0
347.0	48.4	0.3	0.0	0
347.0	48.3	0.3	0.0	0
347.1	48.1	0.5	0.0	0
347.2	47.5	0.1	0.0	0
347.3	47.0	0.2	0.0	0
347.4	47.5	0.2	0.0	0
347.4	47.0	0.1	0.0	0
347.5	47.1	0.1	0.0	0
347.6	47.5	0.1	0.0	0
347.7	47.5	0.1	0.0	0
347.8	47.0	0.2	0.0	0
347.8	47.2	0.2	0.0	0
347.9	47.6	0.1	0.0	0
348.0	47.4	0.2	0.0	0
348.1	47.0	0.2	0.0	0
348.2	47.5	0.2	0.0	0
348.3	47.2	0.2	0.0	0
348.3	47.2	0.2	0.0	0
348.4	47.6	0.1	0.0	0
348.5	48.2	0.1	0.0	0
348.6	48.4	0.3	0.0	0
348.7	47.7	0.2	0.0	0
348.7	47.9	0.2	0.0	0
348.8	47.2	0.2	0.0	0
348.9	47.4	0.4	0.0	0
349.0	47.2	0.2	0.0	0
349.1	47.2	0.1	0.0	0
349.2	48.0	0.3	0.0	0
349.2	47.0	0.1	0.0	0
349.3	47.0	0.3	0.0	0
349.4	47.3	0.1	0.0	0
349.5	47.0	0.2	0.0	0
349.6	46.7	0.2	0.0	0
349.6	47.0	0.2	0.0	0
349.7	46.9	0.2	0.0	0
349.8	46.8	0.2	0.0	0
349.9	47.1	0.3	0.0	0
350.0	47.5	0.4	0.0	0
350.0	47.4	0.4	0.0	0
350.1	48.7	0.6	0.0	0
350.2	47.8	0.3	0.0	0
350.3	47.5	0.3	0.0	0
350.4	47.7	0.5	0.0	0
350.5	48.3	0.5	0.0	0
350.5	47.6	0.4	0.0	0
350.6	47.1	0.5	0.0	0
350.7	47.5	0.5	0.0	0
350.8	48.0	0.5	0.0	0
350.9	47.1	0.4	0.0	0
350.9	47.0	0.2	0.0	0
351.0	46.6	-0.7	0.0	0
351.1	46.1	-0.3	0.0	0
351.2	46.6	0.1	0.0	0
351.3	47.7	0.3	0.0	0
351.4	47.3	0.3	0.0	0
351.4	47.2	0.1	0.0	0
351.5	47.1	0.3	0.0	0
351.6	47.8	0.4	0.0	0
351.7	47.3	0.1	0.0	0
351.8	47.7	0.3	0.0	0
351.8	47.4	0.3	0.0	0
351.9	47.2	0.1	0.0	0
352.0	47.4	0.4	0.0	0
352.1	48.1	0.2	0.0	0
352.2	47.2	0.2	0.0	0
352.3	47.2	0.2	0.0	0
352.3	45.8	-0.8	0.0	0
352.4	47.1	0.3	0.0	0
352.5	48.1	0.5	0.0	0
352.6	47.7	0.4	0.0	0
352.7	48.0	0.3	0.0	0
352.7	47.4	0.5	0.0	0
352.8	47.1	0.4	0.0	0
352.9	46.8	-0.2	0.0	0
353.0	46.1	-0.0	0.0	0
353.1	46.4	-0.0	0.0	0
353.2	46.6	-0.1	0.0	0
353.2	46.3	-0.2	0.0	0
353.3	46.1	-0.2	0.0	0
353.4	45.6	-0.1	0.0	0
353.5	46.5	-0.2	0.0	0
353.6	47.2	0.5	0.0	0
353.6	47.9	0.5	0.0	0
353.7	47.0	0.5	0.0	0
353.8	46.8	0.4	0.0	0
353.9	47.0	0.5	0.0	0
354.0	47.0	0.4	0.0	0
354.0	47.4	0.5	0.0	0
354.1	47.6	0.5	0.0	0
354.2	48.0	0.6	0.0	0
354.3	47.7	0.5	0.0	0
354.4	47.3	0.6	0.0	0
354.5	47.1	0.5	0.0	0
354.5	47.4	0.5	0.0	0
354.6	47.4	0.5	0.0	0
